site	ind	dep	BF
OT_107	-124.821485	-130.018383	-10.393796
OT_109	-115.263345	-121.975356	-13.424022
OT_110	-120.022964	-128.890129	-17.73433
OT_116	-133.558199	-142.355083	-17.593768
OT_120	-133.500694	-147.445751	-27.890114
OT_127	-115.200189	-122.628404	-14.85643
OT_129	-115.398702	-122.44222	-14.087036
OT_131	-132.008246	-142.009356	-20.00222
OT_132	-128.830585	-150.344528	-43.027886
OT_133	-115.10776	-122.971801	-15.728082
OT_134	-115.865101	-121.045363	-10.360524
OT_136	-127.774045	-144.332249	-33.116408
OT_141	-136.537049	-146.633314	-20.19253
OT_146	-145.272478	-156.973531	-23.402106
OT_147	-115.128144	-123.129638	-16.002988
OT_150	-116.259049	-122.305693	-12.093288
OT_155	-109.421212	-117.066398	-15.290372
OT_156	-126.252099	-137.360484	-22.21677
OT_16	-115.005438	-121.290476	-12.570076
OT_33	-110.150966	-118.531595	-16.761258
OT_36	-123.993012	-132.732482	-17.47894
OT_46	-115.699908	-122.370529	-13.341242
OT_48	-115.385004	-122.434505	-14.099002
OT_51	-135.991565	-146.976641	-21.970152
OT_56	-131.159492	-142.278182	-22.23738
OT_68	-131.605886	-139.839556	-16.46734
OT_74	-115.910449	-122.451239	-13.08158
OT_76	-139.345097	-151.524571	-24.358948
OT_91	-115.19218	-122.492215	-14.60007
OT_9	-115.535378	-122.659186	-14.247616
OTRa_11	-130.046704	-151.652581	-43.211754
OTRa_138	-110.125222	-118.029373	-15.808302
OTRa_13	-126.551064	-136.470353	-19.838578
OTRa_14	-153.784565	-158.344405	-9.11968000000002
OTRa_15	-116.00151	-123.213008	-14.422996
OTRa_165	-114.968985	-123.646385	-17.3548
OTRa_169	-115.323048	-123.406526	-16.166956
OTRa_186	-128.575608	-141.068029	-24.984842
OTRa_205	-124.527152	-131.776655	-14.499006
OTRa_21	-115.952667	-122.598673	-13.292012
OTRa_23	-119.728107	-126.033077	-12.60994
OTRa_248	-128.560926	-136.121738	-15.121624
OTRa_24	-115.793025	-121.382363	-11.178676
OTRa_256	-115.955513	-122.760321	-13.609616
OTRa_260	-120.002082	-127.234074	-14.463984
OTRa_27	-116.48795	-123.844775	-14.71365
OTRa_2	-116.657818	-123.029503	-12.74337
OTRa_304	-115.831394	-121.626269	-11.58975
OTRa_337	-110.523494	-115.823882	-10.600776
OTRa_344	-115.44174	-125.324068	-19.764656
OTRa_352	-127.916653	-134.139211	-12.445116
OTRa_355	-115.308087	-122.383962	-14.15175
OTRa_360	-115.284003	-122.335234	-14.102462
OTRa_362	-116.069807	-122.92561	-13.711606
OTRa_363	-115.646119	-121.857687	-12.423136
OTRa_364	-116.176759	-122.176335	-11.999152
OTRa_378	-115.486319	-122.686413	-14.400188
OTRa_382	-116.672133	-123.921645	-14.499024
OTRa_43	-115.776648	-122.107771	-12.662246
OTRa_6	-120.343593	-128.519053	-16.35092
OTRa_73	-115.455319	-122.06986	-13.229082
OTRa_74	-115.812145	-123.947555	-16.27082
OTRb.tr1_114	-115.799434	-122.966695	-14.334522
OTRb.tr1_12	-115.648467	-124.184303	-17.071672
OTRb.tr1_13	-115.883418	-122.941353	-14.11587
OTRb.tr1_145	-124.324068	-129.944377	-11.240618
OTRb.tr1_152	-130.656496	-137.381327	-13.449662
OTRb.tr1_153	-126.009169	-136.738409	-21.45848
OTRb.tr1_154	-138.440416	-146.536277	-16.191722
OTRb.tr1_156	-115.098344	-123.571486	-16.946284
OTRb.tr1_159	-115.178884	-123.626517	-16.895266
OTRb.tr1_15	-136.450974	-156.535881	-40.169814
OTRb.tr1_162	-110.589331	-117.979215	-14.779768
OTRb.tr1_164	-115.991323	-123.228975	-14.475304
OTRb.tr1_166	-131.396286	-140.720025	-18.647478
OTRb.tr1_173	-124.107898	-132.576301	-16.936806
OTRb.tr1_176	-136.553311	-150.046831	-26.98704
OTRb.tr1_19	-120.441934	-128.307916	-15.731964
OTRb.tr1_210	-133.514857	-146.554818	-26.079922
OTRb.tr1_221	-119.790801	-127.418062	-15.254522
OTRb.tr1_236	-115.842219	-122.839833	-13.995228
OTRb.tr1_23	-116.166698	-123.415272	-14.497148
OTRb.tr1_241	-110.15168	-117.635032	-14.966704
OTRb.tr1_247	-122.080442	-128.068037	-11.97519
OTRb.tr1_251	-116.213767	-124.622633	-16.817732
OTRb.tr1_252	-126.635688	-135.064979	-16.858582
OTRb.tr1_255	-119.985009	-127.624005	-15.277992
OTRb.tr1_258	-133.325925	-145.682089	-24.712328
OTRb.tr1_25	-126.894038	-134.57209	-15.356104
OTRb.tr1_28	-109.970776	-116.995633	-14.049714
OTRb.tr1_304	-116.023405	-121.944755	-11.8427
OTRb.tr1_310	-115.810452	-122.873626	-14.126348
OTRb.tr1_311	-110.103614	-116.711127	-13.215026
OTRb.tr1_313	-115.405218	-123.245542	-15.680648
OTRb.tr1_314	-126.813133	-134.171333	-14.7164
OTRb.tr1_315	-127.439905	-135.808549	-16.737288
OTRb.tr1_316	-127.09591	-134.412293	-14.632766
OTRb.tr1_317	-127.158172	-136.298808	-18.281272
OTRb.tr1_318	-123.987484	-134.55067	-21.126372
OTRb.tr1_319	-122.644459	-134.014265	-22.739612
OTRb.tr1_320	-126.899448	-133.986353	-14.17381
OTRb.tr1_321	-127.877613	-135.649933	-15.54464
OTRb.tr1_322	-127.36638	-134.361628	-13.990496
OTRb.tr1_323	-127.457505	-134.49093	-14.06685
OTRb.tr1_324	-127.154748	-134.375915	-14.442334
OTRb.tr1_325	-127.445366	-133.980174	-13.069616
OTRb.tr1_326	-123.619441	-134.764003	-22.289124
OTRb.tr1_327	-127.272971	-133.681924	-12.817906
OTRb.tr1_328	-127.065506	-135.496313	-16.861614
OTRb.tr1_329	-126.819151	-137.010901	-20.3835
OTRb.tr1_330	-125.328748	-132.192882	-13.728268
OTRb.tr1_331	-127.807079	-134.890374	-14.16659
OTRb.tr1_332	-126.859544	-136.406058	-19.093028
OTRb.tr1_333	-127.312227	-133.612797	-12.60114
OTRb.tr1_334	-127.132554	-134.261543	-14.257978
OTRb.tr1_335	-127.015408	-133.599183	-13.16755
OTRb.tr1_336	-126.967674	-135.146919	-16.35849
OTRb.tr1_337	-127.526185	-135.860766	-16.669162
OTRb.tr1_338	-127.429398	-134.025647	-13.192498
OTRb.tr1_339	-127.776283	-133.648641	-11.744716
OTRb.tr1_33	-110.055851	-116.696574	-13.281446
OTRb.tr1_340	-127.63859	-135.661431	-16.045682
OTRb.tr1_341	-126.923084	-134.187542	-14.528916
OTRb.tr1_342	-126.749191	-133.067944	-12.637506
OTRb.tr1_343	-126.426522	-133.811807	-14.77057
OTRb.tr1_344	-125.384701	-132.311706	-13.85401
OTRb.tr1_345	-127.126787	-134.584226	-14.914878
OTRb.tr1_346	-141.595412	-166.898113	-50.605402
OTRb.tr1_347	-128.288592	-134.335814	-12.094444
OTRb.tr1_348	-127.015179	-134.471421	-14.912484
OTRb.tr1_349	-126.89632	-135.393896	-16.995152
OTRb.tr1_350	-126.625337	-134.422807	-15.59494
OTRb.tr1_351	-127.145988	-133.243043	-12.19411
OTRb.tr1_352	-116.101311	-127.441052	-22.679482
OTRb.tr1_353	-128.033013	-134.928074	-13.790122
OTRb.tr1_354	-131.2456	-140.988343	-19.485486
OTRb.tr1_355	-131.099079	-141.670744	-21.14333
OTRb.tr1_356	-135.288769	-144.569201	-18.560864
OTRb.tr1_49	-115.96791	-122.246546	-12.557272
OTRb.tr1_51	-126.361875	-137.557325	-22.3909
OTRb.tr1_62	-135.859881	-142.831349	-13.942936
OTRb.tr1_63	-115.657796	-122.343614	-13.371636
OTRb.tr1_66	-115.434636	-124.213734	-17.558196
OTRb.tr1_8	-120.29219	-126.661811	-12.739242
OTRb.tr1_94	-114.886169	-124.605774	-19.43921
OTRb.tr2_114	-115.717151	-122.809894	-14.185486
OTRb.tr2_12	-115.82492	-122.123357	-12.596874
OTRb.tr2_13	-115.894975	-122.681678	-13.573406
OTRb.tr2_145	-124.456379	-129.486104	-10.05945
OTRb.tr2_152	-129.570469	-137.386643	-15.632348
OTRb.tr2_153	-124.65981	-136.347895	-23.37617
OTRb.tr2_154	-138.697957	-147.613798	-17.831682
OTRb.tr2_156	-116.245421	-122.371788	-12.252734
OTRb.tr2_159	-115.753335	-121.792619	-12.078568
OTRb.tr2_15	-135.433708	-262.516056	-254.164696
OTRb.tr2_162	-110.084627	-115.634818	-11.100382
OTRb.tr2_164	-115.24175	-122.305858	-14.128216
OTRb.tr2_166	-132.004392	-141.019365	-18.029946
OTRb.tr2_173	-124.50766	-131.758454	-14.501588
OTRb.tr2_176	-137.556977	-148.30447	-21.494986
OTRb.tr2_19	-119.726135	-128.639995	-17.82772
OTRb.tr2_210	-135.044219	-147.146829	-24.20522
OTRb.tr2_221	-120.622169	-126.616232	-11.988126
OTRb.tr2_236	-116.12467	-122.032594	-11.815848
OTRb.tr2_23	-115.756635	-121.733823	-11.954376
OTRb.tr2_241	-110.111769	-117.529912	-14.836286
OTRb.tr2_247	-121.875778	-128.220049	-12.688542
OTRb.tr2_251	-115.446846	-124.830055	-18.766418
OTRb.tr2_252	-126.084792	-137.90765	-23.645716
OTRb.tr2_255	-119.858637	-129.010345	-18.303416
OTRb.tr2_258	-133.118248	-143.147088	-20.05768
OTRb.tr2_25	-127.141442	-134.979372	-15.67586
OTRb.tr2_28	-110.382897	-116.684518	-12.603242
OTRb.tr2_304	-115.188009	-122.108983	-13.841948
OTRb.tr2_315	-134.920997	-146.253641	-22.665288
OTRb.tr2_33	-110.341996	-116.059969	-11.435946
OTRb.tr2_350	-120.30671	-127.614657	-14.615894
OTRb.tr2_351	-124.818724	-134.755089	-19.87273
OTRb.tr2_355	-128.590669	-135.653404	-14.12547
OTRb.tr2_357	-128.17932	-134.689633	-13.020626
OTRb.tr2_360	-129.500307	-141.843493	-24.686372
OTRb.tr2_361	-127.936988	-141.621389	-27.368802
OTRb.tr2_362	-120.434984	-128.045754	-15.22154
OTRb.tr2_363	-128.522831	-135.674662	-14.303662
OTRb.tr2_364	-115.759258	-122.943333	-14.36815
OTRb.tr2_365	-115.747866	-121.886844	-12.277956
OTRb.tr2_367	-115.723242	-123.60869	-15.770896
OTRb.tr2_369	-125.843061	-140.516781	-29.34744
OTRb.tr2_371	-115.671285	-123.972921	-16.603272
OTRb.tr2_373	-128.674144	-141.252232	-25.156176
OTRb.tr2_374	-115.816084	-122.349871	-13.067574
OTRb.tr2_378	-110.020647	-117.348787	-14.65628
OTRb.tr2_379	-115.33126	-122.50302	-14.34352
OTRb.tr2_380	-115.643311	-122.76017	-14.233718
OTRb.tr2_381	-115.141992	-123.943798	-17.603612
OTRb.tr2_386	-128.506547	-139.636172	-22.25925
OTRb.tr2_387	-127.112187	-140.01151	-25.798646
OTRb.tr2_388	-127.897919	-141.569816	-27.343794
OTRb.tr2_389	-115.830337	-122.877317	-14.09396
OTRb.tr2_390	-147.167239	-156.683771	-19.033064
OTRb.tr2_391	-127.934967	-136.713246	-17.556558
OTRb.tr2_49	-115.750578	-122.789596	-14.078036
OTRb.tr2_51	-126.250698	-139.629778	-26.75816
OTRb.tr2_62	-134.38269	-142.534852	-16.304324
OTRb.tr2_63	-116.16086	-121.655967	-10.990214
OTRb.tr2_66	-115.994868	-123.935999	-15.882262
OTRb.tr2_8	-120.777312	-126.974717	-12.39481
OTRb.tr2_94	-115.61669	-122.296222	-13.359064
OTRb.tr3_114	-115.837412	-122.960471	-14.246118
OTRb.tr3_120	-110.062953	-116.763158	-13.40041
OTRb.tr3_121	-115.475841	-123.26113	-15.570578
OTRb.tr3_125	-116.06975	-121.919506	-11.699512
OTRb.tr3_12	-116.018398	-123.242136	-14.447476
OTRb.tr3_130	-115.988271	-122.74682	-13.517098
OTRb.tr3_132	-147.677344	-171.540157	-47.725626
OTRb.tr3_136	-133.672492	-145.111861	-22.878738
OTRb.tr3_137	-133.825931	-145.515633	-23.379404
OTRb.tr3_138	-135.081222	-231.450605	-192.738766
OTRb.tr3_13	-115.531227	-123.439209	-15.815964
OTRb.tr3_15	-135.883667	-159.178802	-46.59027
OTRb.tr3_19	-120.580848	-128.781396	-16.401096
OTRb.tr3_23	-115.525673	-122.786409	-14.521472
OTRb.tr3_25	-126.616748	-134.831358	-16.42922
OTRb.tr3_28	-110.607777	-117.367283	-13.519012
OTRb.tr3_33	-110.724525	-117.646521	-13.843992
OTRb.tr3_49	-115.664743	-123.113699	-14.897912
OTRb.tr3_51	-126.702561	-139.415184	-25.425246
OTRb.tr3_62	-135.679511	-145.745284	-20.131546
OTRb.tr3_63	-115.453971	-121.131796	-11.35565
OTRb.tr3_66	-116.088688	-124.562421	-16.947466
OTRb.tr3_8	-120.065517	-128.326701	-16.522368
OTRb.tr3_94	-116.639357	-123.095502	-12.91229
VT_100	-115.35669	-122.969964	-15.226548
VT_101	-157.742931	-174.649389	-33.812916
VT_103	-115.843972	-122.359705	-13.031466
VT_104	-132.63178	-146.536348	-27.809136
VT_107	-115.441433	-123.686751	-16.490636
VT_112	-135.164548	-141.791796	-13.254496
VT_114	-132.664276	-138.18462	-11.040688
VT_118	-109.634118	-117.775481	-16.282726
VT_119	-115.113939	-121.660398	-13.092918
VT_121	-109.91071	-115.844412	-11.867404
VT_126	-108.700069	-115.313203	-13.226268
VT_128	-115.491847	-121.395073	-11.806452
VT_129	-126.778262	-135.888925	-18.221326
VT_131	-115.575905	-124.037417	-16.923024
VT_132	-115.343068	-123.957166	-17.228196
VT_133	-109.986748	-116.012024	-12.050552
VT_136	-128.353274	-135.712144	-14.71774
VT_140	-115.190832	-122.797196	-15.212728
VT_149	-115.794952	-122.418659	-13.247414
VT_151	-120.153258	-128.3497	-16.392884
VT_32	-115.10339	-123.634053	-17.061326
VT_34	-120.464211	-130.532438	-20.136454
VT_46	-116.211467	-121.964063	-11.505192
VT_49	-126.80011	-137.713683	-21.827146
VT_4	-115.544473	-123.01754	-14.946134
VT_51	-116.246705	-122.752916	-13.012422
VT_61	-115.349848	-121.830968	-12.96224
VT_62	-115.732966	-122.337501	-13.20907
VT_69	-115.922399	-123.362786	-14.880774
VT_70	-115.637335	-124.063405	-16.85214
VT_82	-126.444695	-135.024232	-17.159074
VT_88	-115.232085	-122.695914	-14.927658
VT_95	-124.489905	-133.555342	-18.130874
VT_98	-138.13238	-150.284966	-24.305172
VTR1Aa.tr1_11	-115.781739	-121.365407	-11.167336
VTR1Aa.tr1_13	-110.135136	-117.14654	-14.022808
VTR1Aa.tr1_15	-126.806935	-136.721464	-19.829058
VTR1Aa.tr1_162	-115.700594	-122.348016	-13.294844
VTR1Aa.tr1_173	-124.119007	-132.438492	-16.63897
VTR1Aa.tr1_17	-116.110265	-123.847603	-15.474676
VTR1Aa.tr1_193	-115.174876	-122.998754	-15.647756
VTR1Aa.tr1_1	-115.593377	-122.543281	-13.899808
VTR1Aa.tr1_20	-115.532959	-122.587789	-14.10966
VTR1Aa.tr1_210	-119.603415	-127.580298	-15.953766
VTR1Aa.tr1_235	-134.977399	-141.227295	-12.499792
VTR1Aa.tr1_242	-119.98826	-127.663117	-15.349714
VTR1Aa.tr1_245	-175.236786	-186.73257	-22.991568
VTR1Aa.tr1_24	-115.479953	-123.21936	-15.478814
VTR1Aa.tr1_250	-115.9351	-122.549362	-13.228524
VTR1Aa.tr1_257	-115.130729	-122.304522	-14.347586
VTR1Aa.tr1_258	-115.669718	-122.744038	-14.14864
VTR1Aa.tr1_262	-109.853295	-116.294479	-12.882368
VTR1Aa.tr1_26	-115.429106	-122.912725	-14.967238
VTR1Aa.tr1_27	-116.476437	-123.022201	-13.091528
VTR1Aa.tr1_289	-120.082609	-127.823753	-15.482288
VTR1Aa.tr1_28	-110.015252	-117.444105	-14.857706
VTR1Aa.tr1_306	-115.792588	-122.148931	-12.712686
VTR1Aa.tr1_30	-115.125958	-122.505121	-14.758326
VTR1Aa.tr1_313	-156.415201	-166.998283	-21.166164
VTR1Aa.tr1_31	-118.989417	-127.669414	-17.359994
VTR1Aa.tr1_32	-116.44608	-124.255092	-15.618024
VTR1Aa.tr1_359	-115.823642	-123.492194	-15.337104
VTR1Aa.tr1_35	-130.87661	-141.181796	-20.610372
VTR1Aa.tr1_360	-115.125574	-121.712797	-13.174446
VTR1Aa.tr1_362	-115.844323	-123.32548	-14.962314
VTR1Aa.tr1_365	-115.993906	-123.078492	-14.169172
VTR1Aa.tr1_367	-120.027557	-125.981305	-11.907496
VTR1Aa.tr1_377	-115.529395	-123.004806	-14.950822
VTR1Aa.tr1_37	-125.76432	-137.65072	-23.7728
VTR1Aa.tr1_380	-125.173263	-130.858833	-11.37114
VTR1Aa.tr1_388	-115.531328	-122.91315	-14.763644
VTR1Aa.tr1_38	-138.409709	-158.636386	-40.453354
VTR1Aa.tr1_396	-120.094677	-127.140244	-14.091134
VTR1Aa.tr1_39	-120.667653	-126.283043	-11.23078
VTR1Aa.tr1_3	-129.366577	-139.226309	-19.719464
VTR1Aa.tr1_408	-142.116951	-148.887757	-13.541612
VTR1Aa.tr1_410	-131.20816	-138.390138	-14.363956
VTR1Aa.tr1_411	-110.672999	-117.231822	-13.117646
VTR1Aa.tr1_41	-116.365385	-123.904577	-15.078384
VTR1Aa.tr1_4	-128.793707	-141.829255	-26.071096
VTR1Aa.tr1_50	-115.904041	-122.604153	-13.400224
VTR1Aa.tr1_5	-120.340789	-126.11383	-11.546082
VTR1Aa.tr1_65	-116.104709	-122.093117	-11.976816
VTR1Aa.tr1_68	-115.123022	-122.310257	-14.37447
VTR1Aa.tr1_71	-110.368227	-116.964056	-13.191658
VTR1Aa.tr1_92	-120.238186	-126.748088	-13.019804
VTR1Aa.tr2_11	-115.226197	-122.547742	-14.64309
VTR1Aa.tr2_13	-109.758402	-116.304834	-13.092864
VTR1Aa.tr2_15	-125.47463	-135.425981	-19.902702
VTR1Aa.tr2_162	-115.693791	-122.911023	-14.434464
VTR1Aa.tr2_173	-124.847048	-132.289943	-14.88579
VTR1Aa.tr2_17	-115.666032	-123.501647	-15.67123
VTR1Aa.tr2_193	-115.935013	-122.298991	-12.727956
VTR1Aa.tr2_1	-115.659853	-123.121954	-14.924202
VTR1Aa.tr2_20	-116.12362	-121.54898	-10.85072
VTR1Aa.tr2_210	-120.292367	-125.712611	-10.840488
VTR1Aa.tr2_235	-135.311036	-140.417651	-10.21323
VTR1Aa.tr2_242	-120.186071	-128.127213	-15.882284
VTR1Aa.tr2_245	-176.038195	-183.609891	-15.143392
VTR1Aa.tr2_24	-116.164452	-125.095768	-17.862632
VTR1Aa.tr2_250	-115.626448	-123.048565	-14.844234
VTR1Aa.tr2_257	-115.286061	-122.823659	-15.075196
VTR1Aa.tr2_258	-115.765744	-121.959099	-12.38671
VTR1Aa.tr2_262	-110.044311	-116.22553	-12.362438
VTR1Aa.tr2_26	-116.966746	-123.090225	-12.246958
VTR1Aa.tr2_27	-115.601711	-123.09211	-14.980798
VTR1Aa.tr2_289	-120.936729	-128.095067	-14.316676
VTR1Aa.tr2_28	-110.648043	-116.813156	-12.330226
VTR1Aa.tr2_306	-115.739429	-121.797835	-12.116812
VTR1Aa.tr2_30	-116.135735	-122.59761	-12.92375
VTR1Aa.tr2_313	-155.80368	-166.067629	-20.527898
VTR1Aa.tr2_31	-120.35469	-126.435217	-12.161054
VTR1Aa.tr2_32	-115.514699	-123.282226	-15.535054
VTR1Aa.tr2_359	-116.473946	-122.477643	-12.007394
VTR1Aa.tr2_35	-130.837429	-142.926446	-24.178034
VTR1Aa.tr2_360	-115.434388	-122.32442	-13.780064
VTR1Aa.tr2_362	-116.158626	-121.749704	-11.182156
VTR1Aa.tr2_365	-116.003446	-120.967419	-9.92794600000002
VTR1Aa.tr2_367	-119.785255	-126.70531	-13.84011
VTR1Aa.tr2_377	-116.720799	-121.867322	-10.293046
VTR1Aa.tr2_37	-125.393397	-138.23986	-25.692926
VTR1Aa.tr2_380	-124.266547	-132.988515	-17.443936
VTR1Aa.tr2_388	-116.04358	-122.535366	-12.983572
VTR1Aa.tr2_38	-137.444411	-158.80606	-42.723298
VTR1Aa.tr2_393	-116.112771	-122.761352	-13.297162
VTR1Aa.tr2_395	-115.754898	-122.94278	-14.375764
VTR1Aa.tr2_397	-115.053184	-122.018464	-13.93056
VTR1Aa.tr2_399	-110.213944	-117.838081	-15.248274
VTR1Aa.tr2_39	-120.403826	-125.232687	-9.65772200000001
VTR1Aa.tr2_3	-128.653138	-135.282497	-13.258718
VTR1Aa.tr2_403	-127.922385	-140.620487	-25.396204
VTR1Aa.tr2_413	-124.000209	-132.320871	-16.641324
VTR1Aa.tr2_415	-128.133345	-134.021801	-11.776912
VTR1Aa.tr2_416	-126.032756	-138.018223	-23.970934
VTR1Aa.tr2_417	-126.076491	-138.542875	-24.932768
VTR1Aa.tr2_419	-127.966195	-136.852954	-17.773518
VTR1Aa.tr2_41	-114.902522	-123.97991	-18.154776
VTR1Aa.tr2_420	-115.187583	-122.273	-14.170834
VTR1Aa.tr2_429	-134.173351	-143.661803	-18.976904
VTR1Aa.tr2_4	-129.210751	-274.068221	-289.71494
VTR1Aa.tr2_50	-115.540436	-122.356099	-13.631326
VTR1Aa.tr2_5	-120.194194	-126.899611	-13.410834
VTR1Aa.tr2_65	-115.552454	-122.575867	-14.046826
VTR1Aa.tr2_68	-115.673729	-121.799377	-12.251296
VTR1Aa.tr2_71	-110.504736	-117.183535	-13.357598
VTR1Aa.tr2_92	-120.787639	-125.545459	-9.51563999999999
VTR1Ab_10	-110.85269	-116.597067	-11.488754
VTR1Ab_11	-120.434966	-127.750374	-14.630816
VTR1Ab_129	-115.736881	-122.415844	-13.357926
VTR1Ab_12	-124.105329	-132.064782	-15.918906
VTR1Ab_137	-116.000748	-122.717535	-13.433574
VTR1Ab_13	-128.442118	-132.894171	-8.90410600000001
VTR1Ab_141	-127.241038	-136.714036	-18.945996
VTR1Ab_149	-110.989111	-117.656616	-13.33501
VTR1Ab_152	-116.030041	-122.242365	-12.424648
VTR1Ab_158	-115.95868	-121.261107	-10.604854
VTR1Ab_162	-124.339252	-132.490362	-16.30222
VTR1Ab_163	-115.745865	-123.420929	-15.350128
VTR1Ab_174	-127.728979	-136.121734	-16.78551
VTR1Ab_185	-127.480313	-134.674348	-14.38807
VTR1Ab_186	-128.761006	-139.302506	-21.083
VTR1Ab_18	-115.937968	-123.590916	-15.305896
VTR1Ab_198	-115.80733	-123.286228	-14.957796
VTR1Ab_19	-115.64923	-121.59076	-11.88306
VTR1Ab_207	-115.512998	-123.031915	-15.037834
VTR1Ab_20	-115.486	-123.06131	-15.15062
VTR1Ab_211	-115.627599	-122.019504	-12.78381
VTR1Ab_213	-115.293385	-122.499637	-14.412504
VTR1Ab_216	-114.644092	-122.220785	-15.153386
VTR1Ab_221	-146.416875	-158.238399	-23.643048
VTR1Ab_223	-116.216543	-122.536707	-12.640328
VTR1Ab_224	-129.169606	-139.363199	-20.387186
VTR1Ab_22	-110.13064	-116.69745	-13.13362
VTR1Ab_231	-115.807381	-121.97694	-12.339118
VTR1Ab_235	-114.923466	-123.106486	-16.36604
VTR1Ab_243	-128.810198	-137.591218	-17.56204
VTR1Ab_252	-115.471544	-121.137137	-11.331186
VTR1Ab_253	-115.468699	-122.321094	-13.70479
VTR1Ab_254	-119.878455	-129.575574	-19.394238
VTR1Ab_25	-115.592364	-122.235228	-13.285728
VTR1Ab_263	-127.217377	-139.54119	-24.647626
VTR1Ab_27	-115.454065	-122.711804	-14.515478
VTR1Ab_283	-116.013843	-122.482031	-12.936376
VTR1Ab_28	-140.910784	-152.007061	-22.192554
VTR1Ab_2	-126.316459	-137.749546	-22.866174
VTR1Ab_30	-127.083723	-137.991967	-21.816488
VTR1Ab_31	-115.197789	-122.90279	-15.410002
VTR1Ab_344	-116.162055	-124.113521	-15.902932
VTR1Ab_345	-145.673532	-155.985096	-20.623128
VTR1Ab_356	-124.394047	-132.323861	-15.859628
VTR1Ab_358	-129.281021	-222.930627	-187.299212
VTR1Ab_359	-129.282286	-145.702002	-32.839432
VTR1Ab_361	-120.193526	-128.491889	-16.596726
VTR1Ab_368	-131.87265	-141.506441	-19.267582
VTR1Ab_371	-115.660895	-122.110778	-12.899766
VTR1Ab_375	-109.142542	-115.258204	-12.231324
VTR1Ab_380	-115.416324	-122.978898	-15.125148
VTR1Ab_382	-116.177649	-122.73349	-13.111682
VTR1Ab_384	-128.550358	-138.158268	-19.21582
VTR1Ab_387	-110.992258	-116.085245	-10.185974
VTR1Ab_388	-144.355092	-154.529707	-20.34923
VTR1Ab_389	-131.044968	-153.467164	-44.844392
VTR1Ab_390	-115.51194	-123.205266	-15.386652
VTR1Ab_391	-116.425885	-123.781652	-14.711534
VTR1Ab_394	-119.875545	-127.275818	-14.800546
VTR1Ab_395	-132.634967	-144.426357	-23.58278
VTR1Ab_396	-138.177827	-152.059206	-27.762758
VTR1Ab_398	-111.176619	-116.727228	-11.101218
VTR1Ab_3	-127.822618	-139.194664	-22.744092
VTR1Ab_400	-129.29436	-143.64721	-28.7057
VTR1Ab_4	-110.415722	-116.438853	-12.046262
VTR1Ab_53	-127.905551	-137.67905	-19.546998
VTR1Ab_64	-128.31945	-136.431516	-16.224132
VTR1Ab_65	-127.306136	-139.140936	-23.6696
VTR1Ab_66	-115.410869	-122.311511	-13.801284
VTR1Ab_68	-136.667303	-149.41896	-25.503314
VTR1Ab_69	-115.560425	-122.244534	-13.368218
VTR1Ab_6	-115.476261	-122.353615	-13.754708
VTR1Ab_70	-115.622014	-121.546249	-11.84847
VTR1Ab_79	-115.715295	-122.377399	-13.324208
VTR1Ab_82	-115.9662	-123.143031	-14.353662
VTR2Aa_13	-120.545073	-126.209565	-11.328984
VTR2Aa_144	-134.025244	-141.74065	-15.430812
VTR2Aa_149	-115.379298	-123.986655	-17.214714
VTR2Aa_152	-130.295079	-141.075415	-21.560672
VTR2Aa_17	-115.822304	-122.031156	-12.417704
VTR2Aa_187	-115.984178	-123.246077	-14.523798
VTR2Aa_189	-124.791606	-132.454357	-15.325502
VTR2Aa_199	-159.715933	-172.4428	-25.453734
VTR2Aa_203	-125.591784	-139.749092	-28.314616
VTR2Aa_20	-127.005737	-137.849607	-21.68774
VTR2Aa_238	-109.934598	-116.712371	-13.555546
VTR2Aa_244	-131.946666	-138.554596	-13.21586
VTR2Aa_247	-124.021081	-132.304716	-16.56727
VTR2Aa_24	-115.612495	-123.100265	-14.97554
VTR2Aa_251	-124.236941	-135.035775	-21.597668
VTR2Aa_252	-127.09306	-138.1162	-22.04628
VTR2Aa_262	-115.335532	-123.918831	-17.166598
VTR2Aa_266	-116.354323	-121.416736	-10.124826
VTR2Aa_275	-127.644583	-134.629776	-13.970386
VTR2Aa_277	-133.60817	-139.500912	-11.785484
VTR2Aa_284	-120.537356	-127.758409	-14.442106
VTR2Aa_292	-115.165415	-122.358679	-14.386528
VTR2Aa_295	-111.01543	-116.767832	-11.504804
VTR2Aa_296	-129.447194	-141.948712	-25.003036
VTR2Aa_297	-115.918777	-123.346476	-14.855398
VTR2Aa_29	-110.850036	-116.964209	-12.228346
VTR2Aa_300	-116.397982	-120.966801	-9.13763800000001
VTR2Aa_305	-115.224013	-121.455303	-12.46258
VTR2Aa_308	-130.504351	-150.323402	-39.6381019999999
VTR2Aa_312	-124.830325	-132.093098	-14.525546
VTR2Aa_314	-161.208466	-169.347978	-16.279024
VTR2Aa_316	-128.231418	-139.551114	-22.639392
VTR2Aa_320	-115.807232	-123.081077	-14.54769
VTR2Aa_322	-116.098095	-123.006458	-13.816726
VTR2Aa_325	-115.893464	-122.9356	-14.084272
VTR2Aa_332	-115.894323	-122.667779	-13.546912
VTR2Aa_333	-115.613377	-122.347704	-13.468654
VTR2Aa_334	-125.848593	-130.774986	-9.85278600000004
VTR2Aa_336	-115.175631	-123.111753	-15.872244
VTR2Aa_338	-127.916804	-136.413759	-16.99391
VTR2Aa_340	-115.247979	-122.422911	-14.349864
VTR2Aa_341	-120.205873	-126.873385	-13.335024
VTR2Aa_343	-128.396012	-138.437994	-20.083964
VTR2Aa_347	-119.769238	-127.739241	-15.940006
VTR2Aa_348	-134.529224	-144.282712	-19.506976
VTR2Aa_351	-128.89733	-138.067711	-18.340762
VTR2Aa_352	-115.953574	-121.433736	-10.960324
VTR2Aa_357	-110.277454	-116.786051	-13.017194
VTR2Aa_361	-115.537085	-123.863841	-16.653512
VTR2Aa_362	-115.897493	-124.064348	-16.33371
VTR2Aa_363	-160.737979	-184.762922	-48.049886
VTR2Aa_364	-115.63747	-121.549415	-11.82389
VTR2Aa_365	-127.617482	-140.67664	-26.118316
VTR2Aa_369	-137.279459	-145.841787	-17.124656
VTR2Aa_36	-116.373441	-124.375701	-16.00452
VTR2Aa_371	-141.957954	-154.659045	-25.402182
VTR2Aa_372	-120.99659	-127.921129	-13.849078
VTR2Aa_374	-115.362537	-122.981265	-15.237456
VTR2Aa_377	-131.619719	-142.369207	-21.498976
VTR2Aa_37	-114.447338	-122.70968	-16.524684
VTR2Aa_380	-126.963856	-138.014119	-22.100526
VTR2Aa_383	-111.185962	-116.182502	-9.99307999999999
VTR2Aa_389	-128.005342	-133.218109	-10.425534
VTR2Aa_390	-115.568843	-123.400561	-15.663436
VTR2Aa_392	-129.552864	-142.515618	-25.925508
VTR2Aa_393	-124.193324	-131.564314	-14.74198
VTR2Aa_395	-120.946452	-126.743385	-11.593866
VTR2Aa_41	-115.954597	-122.62878	-13.348366
VTR2Aa_438	-111.101267	-116.738809	-11.275084
VTR2Aa_449	-115.609336	-123.270902	-15.323132
VTR2Aa_473	-115.593101	-121.83523	-12.484258
VTR2Aa_480	-119.538211	-126.115264	-13.154106
VTR2Aa_485	-139.148374	-155.347511	-32.398274
VTR2Aa_498	-131.418959	-142.630018	-22.422118
VTR2Aa_499	-132.713111	-144.588402	-23.750582
VTR2Aa_500	-132.085882	-142.84139	-21.511016
VTR2Aa_501	-131.719373	-142.391766	-21.344786
VTR2Aa_502	-131.495563	-143.79373	-24.596334
VTR2Aa_506	-116.18916	-122.247566	-12.116812
VTR2Aa_508	-127.216141	-139.351887	-24.271492
VTR2Aa_57	-126.589333	-134.647733	-16.1168
VTR2Aa_58	-115.77212	-123.702396	-15.860552
VTR2Aa_60	-127.503017	-139.154603	-23.303172
VTR2Aa_61	-142.94032	-159.383863	-32.887086
VTR2Aa_62	-110.197997	-119.21079	-18.025586
VTR2Aa_67	-126.925245	-139.325207	-24.799924
VTR2Aa_70	-128.287429	-144.87376	-33.172662
VTR2Aa_71	-115.911634	-122.356488	-12.889708
VTR2Aa_74	-115.752983	-121.716037	-11.926108
VTR2Aa_78	-138.005017	-144.505105	-13.000176
VTR2Ab.tr1_102	-127.923633	-139.029625	-22.211984
VTR2Ab.tr1_104	-127.60914	-139.383306	-23.548332
VTR2Ab.tr1_11	-124.458933	-130.669794	-12.421722
VTR2Ab.tr1_127	-132.453222	-157.256724	-49.607004
VTR2Ab.tr1_13	-129.154515	-148.159625	-38.01022
VTR2Ab.tr1_148	-115.738563	-122.754288	-14.03145
VTR2Ab.tr1_150	-116.089622	-123.025833	-13.872422
VTR2Ab.tr1_151	-115.61848	-122.64727	-14.05758
VTR2Ab.tr1_155	-115.328264	-123.517558	-16.378588
VTR2Ab.tr1_156	-144.482274	-150.135653	-11.306758
VTR2Ab.tr1_158	-131.60506	-138.608145	-14.00617
VTR2Ab.tr1_159	-135.991905	-142.350026	-12.716242
VTR2Ab.tr1_15	-114.629352	-123.026425	-16.794146
VTR2Ab.tr1_163	-126.732716	-135.529974	-17.594516
VTR2Ab.tr1_16	-120.08558	-126.626144	-13.081128
VTR2Ab.tr1_17	-135.974229	-147.759331	-23.570204
VTR2Ab.tr1_18	-127.183528	-134.58719	-14.807324
VTR2Ab.tr1_191	-115.713257	-123.118186	-14.809858
VTR2Ab.tr1_19	-130.026686	-150.945267	-41.837162
VTR2Ab.tr1_206	-119.848668	-127.597258	-15.49718
VTR2Ab.tr1_207	-116.074628	-123.519622	-14.889988
VTR2Ab.tr1_211	-142.732893	-254.656939	-223.848092
VTR2Ab.tr1_212	-115.939066	-122.174356	-12.47058
VTR2Ab.tr1_216	-115.280863	-122.735595	-14.909464
VTR2Ab.tr1_219	-115.987148	-122.978048	-13.9818
VTR2Ab.tr1_226	-115.601583	-123.304767	-15.406368
VTR2Ab.tr1_237	-120.698837	-126.135221	-10.872768
VTR2Ab.tr1_238	-109.991472	-117.01282	-14.042696
VTR2Ab.tr1_240	-115.868319	-121.695757	-11.654876
VTR2Ab.tr1_241	-129.69815	-174.43228	-89.46826
VTR2Ab.tr1_243	-115.649535	-122.669479	-14.039888
VTR2Ab.tr1_247	-115.744603	-123.169557	-14.849908
VTR2Ab.tr1_24	-119.769459	-127.429125	-15.319332
VTR2Ab.tr1_252	-115.050938	-122.865522	-15.629168
VTR2Ab.tr1_255	-127.471357	-135.005899	-15.069084
VTR2Ab.tr1_258	-181.526469	-254.711959	-146.37098
VTR2Ab.tr1_259	-124.563819	-134.03113	-18.934622
VTR2Ab.tr1_260	-115.245044	-122.300293	-14.110498
VTR2Ab.tr1_261	-123.994971	-133.382065	-18.774188
VTR2Ab.tr1_262	-159.636997	-169.023154	-18.772314
VTR2Ab.tr1_268	-123.771368	-130.95937	-14.376004
VTR2Ab.tr1_270	-120.7335	-129.04395	-16.6209
VTR2Ab.tr1_272	-128.082146	-137.319775	-18.475258
VTR2Ab.tr1_273	-115.916686	-121.791106	-11.74884
VTR2Ab.tr1_274	-116.017692	-123.669218	-15.303052
VTR2Ab.tr1_275	-151.432595	-164.913728	-26.962266
VTR2Ab.tr1_279	-115.229544	-122.537638	-14.616188
VTR2Ab.tr1_281	-116.186977	-123.267858	-14.161762
VTR2Ab.tr1_283	-148.557376	-158.515344	-19.915936
VTR2Ab.tr1_286	-137.882511	-148.158462	-20.551902
VTR2Ab.tr1_287	-139.764104	-146.099537	-12.670866
VTR2Ab.tr1_288	-161.024471	-166.611532	-11.174122
VTR2Ab.tr1_290	-114.747041	-123.035109	-16.576136
VTR2Ab.tr1_299	-139.493992	-161.216953	-43.445922
VTR2Ab.tr1_29	-115.169855	-124.466711	-18.593712
VTR2Ab.tr1_300	-131.127102	-141.73795	-21.221696
VTR2Ab.tr1_301	-117.667182	-126.106124	-16.877884
VTR2Ab.tr1_302	-126.147537	-138.23583	-24.176586
VTR2Ab.tr1_304	-137.78566	-145.580858	-15.590396
VTR2Ab.tr1_307	-125.125536	-132.409314	-14.567556
VTR2Ab.tr1_30	-138.848771	-160.042603	-42.387664
VTR2Ab.tr1_312	-116.089736	-122.523992	-12.868512
VTR2Ab.tr1_315	-120.565447	-128.519416	-15.907938
VTR2Ab.tr1_317	-183.205719	-200.576779	-34.74212
VTR2Ab.tr1_319	-140.910601	-156.78933	-31.757458
VTR2Ab.tr1_323	-140.086011	-147.803401	-15.43478
VTR2Ab.tr1_325	-127.084474	-138.287002	-22.405056
VTR2Ab.tr1_335	-132.323274	-144.352839	-24.05913
VTR2Ab.tr1_336	-120.302444	-125.569049	-10.53321
VTR2Ab.tr1_339	-115.818201	-121.797294	-11.958186
VTR2Ab.tr1_343	-124.389817	-131.794279	-14.808924
VTR2Ab.tr1_344	-115.623076	-123.115802	-14.985452
VTR2Ab.tr1_347	-128.878717	-141.129698	-24.501962
VTR2Ab.tr1_34	-115.881626	-121.952464	-12.141676
VTR2Ab.tr1_352	-115.774959	-120.455271	-9.360624
VTR2Ab.tr1_356	-140.343199	-153.108292	-25.530186
VTR2Ab.tr1_35	-109.982552	-117.02619	-14.087276
VTR2Ab.tr1_363	-126.989669	-134.401087	-14.822836
VTR2Ab.tr1_43	-115.904371	-121.169018	-10.529294
VTR2Ab.tr1_49	-115.667554	-121.611315	-11.887522
VTR2Ab.tr1_4	-110.447447	-116.689616	-12.484338
VTR2Ab.tr1_53	-126.788932	-140.897376	-28.216888
VTR2Ab.tr1_68	-128.681802	-135.094299	-12.824994
VTR2Ab.tr1_6	-120.673107	-127.951891	-14.557568
VTR2Ab.tr1_9	-126.469632	-137.873958	-22.808652
VTR2Ab.tr2_102	-127.37347	-138.537881	-22.328822
VTR2Ab.tr2_104	-128.595355	-140.119561	-23.048412
VTR2Ab.tr2_11	-124.381818	-130.265284	-11.766932
VTR2Ab.tr2_127	-132.516635	-154.068367	-43.103464
VTR2Ab.tr2_13	-129.950939	-147.960598	-36.019318
VTR2Ab.tr2_148	-115.545591	-124.039191	-16.9872
VTR2Ab.tr2_150	-115.660318	-123.516225	-15.711814
VTR2Ab.tr2_151	-115.510944	-122.787253	-14.552618
VTR2Ab.tr2_155	-116.647641	-123.224422	-13.153562
VTR2Ab.tr2_156	-143.925441	-151.318771	-14.78666
VTR2Ab.tr2_158	-130.805434	-142.453799	-23.29673
VTR2Ab.tr2_159	-136.294917	-141.593539	-10.597244
VTR2Ab.tr2_15	-114.855275	-125.220455	-20.73036
VTR2Ab.tr2_163	-126.495393	-136.003524	-19.016262
VTR2Ab.tr2_16	-119.430136	-126.706716	-14.55316
VTR2Ab.tr2_17	-136.975689	-147.028349	-20.10532
VTR2Ab.tr2_18	-126.818598	-134.748383	-15.85957
VTR2Ab.tr2_191	-115.570281	-122.923601	-14.70664
VTR2Ab.tr2_19	-129.743424	-152.514851	-45.542854
VTR2Ab.tr2_206	-120.215829	-128.463412	-16.495166
VTR2Ab.tr2_207	-115.671892	-122.667132	-13.99048
VTR2Ab.tr2_211	-142.941093	-269.938828	-253.99547
VTR2Ab.tr2_212	-115.600206	-121.551075	-11.901738
VTR2Ab.tr2_216	-116.137584	-122.357581	-12.439994
VTR2Ab.tr2_219	-115.448201	-121.920148	-12.943894
VTR2Ab.tr2_226	-115.806692	-123.053662	-14.49394
VTR2Ab.tr2_237	-120.622728	-127.184948	-13.12444
VTR2Ab.tr2_238	-110.523688	-117.088843	-13.13031
VTR2Ab.tr2_240	-115.642057	-121.403982	-11.52385
VTR2Ab.tr2_241	-128.84462	-176.981998	-96.274756
VTR2Ab.tr2_243	-115.890278	-123.160244	-14.539932
VTR2Ab.tr2_247	-115.448065	-122.279534	-13.662938
VTR2Ab.tr2_24	-120.200964	-126.50831	-12.614692
VTR2Ab.tr2_252	-115.397112	-123.034762	-15.2753
VTR2Ab.tr2_255	-126.047032	-134.526159	-16.958254
VTR2Ab.tr2_258	-180.406169	-254.815341	-148.818344
VTR2Ab.tr2_259	-124.564567	-133.959016	-18.788898
VTR2Ab.tr2_260	-115.359718	-123.567484	-16.415532
VTR2Ab.tr2_261	-124.248099	-133.207163	-17.918128
VTR2Ab.tr2_262	-159.484387	-172.542499	-26.116224
VTR2Ab.tr2_268	-124.04174	-132.292398	-16.501316
VTR2Ab.tr2_270	-120.133965	-127.532235	-14.79654
VTR2Ab.tr2_272	-128.552536	-137.547174	-17.989276
VTR2Ab.tr2_273	-116.030248	-120.872788	-9.68508
VTR2Ab.tr2_274	-115.188631	-122.70756	-15.037858
VTR2Ab.tr2_275	-152.215757	-165.121978	-25.812442
VTR2Ab.tr2_279	-115.532463	-122.067359	-13.069792
VTR2Ab.tr2_281	-115.214945	-122.820921	-15.211952
VTR2Ab.tr2_283	-149.100311	-158.47227	-18.743918
VTR2Ab.tr2_286	-138.760572	-147.205686	-16.890228
VTR2Ab.tr2_287	-137.7221	-148.116202	-20.788204
VTR2Ab.tr2_288	-160.911086	-273.816372	-225.810572
VTR2Ab.tr2_290	-115.41	-125.252451	-19.684902
VTR2Ab.tr2_298	-127.048088	-136.379645	-18.663114
VTR2Ab.tr2_29	-116.206223	-123.073401	-13.734356
VTR2Ab.tr2_301	-109.936109	-115.981919	-12.09162
VTR2Ab.tr2_302	-131.481958	-142.083405	-21.202894
VTR2Ab.tr2_306	-115.931095	-121.281682	-10.701174
VTR2Ab.tr2_309	-124.251466	-130.675427	-12.847922
VTR2Ab.tr2_30	-138.129295	-156.116008	-35.973426
VTR2Ab.tr2_312	-115.355459	-122.15745	-13.603982
VTR2Ab.tr2_313	-120.078183	-127.000345	-13.844324
VTR2Ab.tr2_314	-115.453834	-125.390272	-19.872876
VTR2Ab.tr2_321	-127.731175	-142.922771	-30.383192
VTR2Ab.tr2_345	-125.154079	-131.29571	-12.283262
VTR2Ab.tr2_349	-130.876432	-141.667367	-21.58187
VTR2Ab.tr2_34	-115.053468	-122.646931	-15.186926
VTR2Ab.tr2_35	-110.240839	-117.3051	-14.128522
VTR2Ab.tr2_365	-115.249081	-121.641434	-12.784706
VTR2Ab.tr2_366	-120.295793	-128.290054	-15.988522
VTR2Ab.tr2_369	-127.933177	-138.471441	-21.076528
VTR2Ab.tr2_372	-126.567071	-138.406369	-23.678596
VTR2Ab.tr2_373	-129.558939	-144.206576	-29.295274
VTR2Ab.tr2_377	-115.422857	-122.055414	-13.265114
VTR2Ab.tr2_399	-115.012249	-121.936876	-13.849254
VTR2Ab.tr2_401	-115.592493	-122.133151	-13.081316
VTR2Ab.tr2_404	-128.468624	-137.947152	-18.957056
VTR2Ab.tr2_408	-115.861187	-121.440685	-11.158996
VTR2Ab.tr2_411	-136.425725	-155.505713	-38.159976
VTR2Ab.tr2_412	-114.959324	-122.521779	-15.12491
VTR2Ab.tr2_413	-128.152201	-139.49037	-22.676338
VTR2Ab.tr2_414	-129.023982	-141.531521	-25.015078
VTR2Ab.tr2_419	-127.465301	-141.440114	-27.949626
VTR2Ab.tr2_422	-115.265267	-122.389021	-14.247508
VTR2Ab.tr2_424	-110.627673	-117.420191	-13.585036
VTR2Ab.tr2_425	-154.295794	-167.064404	-25.53722
VTR2Ab.tr2_43	-115.727294	-122.658732	-13.862876
VTR2Ab.tr2_49	-115.275092	-121.116555	-11.682926
VTR2Ab.tr2_4	-111.129095	-117.040154	-11.822118
VTR2Ab.tr2_53	-126.968054	-142.156591	-30.377074
VTR2Ab.tr2_68	-127.862603	-135.092026	-14.458846
VTR2Ab.tr2_6	-119.970312	-127.576383	-15.212142
VTR2Ab.tr2_9	-126.85848	-138.062962	-22.408964
VTR2Ab.tr3_102	-127.465221	-138.162946	-21.39545
VTR2Ab.tr3_104	-127.488593	-138.966481	-22.955776
VTR2Ab.tr3_11	-124.414228	-131.351913	-13.87537
VTR2Ab.tr3_127	-132.477685	-155.279221	-45.603072
VTR2Ab.tr3_13	-129.776733	-144.727513	-29.90156
VTR2Ab.tr3_148	-116.075865	-124.321814	-16.491898
VTR2Ab.tr3_150	-115.208769	-122.582175	-14.746812
VTR2Ab.tr3_151	-115.892251	-123.024339	-14.264176
VTR2Ab.tr3_155	-116.171365	-123.648962	-14.955194
VTR2Ab.tr3_156	-144.530497	-151.140608	-13.220222
VTR2Ab.tr3_158	-131.437895	-138.939235	-15.00268
VTR2Ab.tr3_159	-136.323876	-141.229374	-9.81099599999999
VTR2Ab.tr3_15	-115.678613	-123.913097	-16.468968
VTR2Ab.tr3_163	-127.393266	-134.375198	-13.963864
VTR2Ab.tr3_16	-120.002594	-127.389598	-14.774008
VTR2Ab.tr3_17	-136.54933	-148.470634	-23.842608
VTR2Ab.tr3_18	-128.170905	-136.506427	-16.671044
VTR2Ab.tr3_191	-115.707772	-123.646444	-15.877344
VTR2Ab.tr3_19	-129.355971	-152.125538	-45.539134
VTR2Ab.tr3_206	-120.271745	-128.991675	-17.43986
VTR2Ab.tr3_207	-115.815816	-123.622311	-15.61299
VTR2Ab.tr3_211	-142.221056	-152.203573	-19.965034
VTR2Ab.tr3_212	-116.918189	-122.663689	-11.491
VTR2Ab.tr3_216	-114.983555	-123.543235	-17.11936
VTR2Ab.tr3_219	-115.455761	-121.998515	-13.085508
VTR2Ab.tr3_226	-115.939358	-123.488484	-15.098252
VTR2Ab.tr3_237	-120.466024	-127.105381	-13.278714
VTR2Ab.tr3_238	-110.909178	-117.873362	-13.928368
VTR2Ab.tr3_240	-115.280838	-121.589055	-12.616434
VTR2Ab.tr3_241	-128.866927	-272.571431	-287.409008
VTR2Ab.tr3_243	-115.43653	-122.195467	-13.517874
VTR2Ab.tr3_247	-115.017836	-123.080603	-16.125534
VTR2Ab.tr3_24	-120.596765	-129.65915	-18.12477
VTR2Ab.tr3_252	-115.449562	-123.46956	-16.039996
VTR2Ab.tr3_255	-127.298075	-136.274596	-17.953042
VTR2Ab.tr3_258	-175.559194	-189.967004	-28.81562
VTR2Ab.tr3_259	-125.663415	-132.458449	-13.590068
VTR2Ab.tr3_260	-115.484105	-122.319625	-13.67104
VTR2Ab.tr3_261	-124.447469	-132.138029	-15.38112
VTR2Ab.tr3_262	-163.175892	-173.325068	-20.298352
VTR2Ab.tr3_268	-124.376101	-130.599024	-12.445846
VTR2Ab.tr3_270	-120.332057	-127.612867	-14.56162
VTR2Ab.tr3_272	-127.854735	-137.381272	-19.053074
VTR2Ab.tr3_273	-115.143346	-122.324985	-14.363278
VTR2Ab.tr3_274	-115.472648	-121.390427	-11.835558
VTR2Ab.tr3_275	-152.211708	-165.229826	-26.036236
VTR2Ab.tr3_279	-115.882282	-123.883383	-16.002202
VTR2Ab.tr3_281	-116.687074	-122.665762	-11.957376
VTR2Ab.tr3_283	-148.706565	-157.891178	-18.369226
VTR2Ab.tr3_286	-138.314658	-152.145826	-27.662336
VTR2Ab.tr3_287	-139.413602	-147.078194	-15.329184
VTR2Ab.tr3_288	-160.308244	-167.739646	-14.862804
VTR2Ab.tr3_290	-115.865445	-124.247017	-16.763144
VTR2Ab.tr3_298	-126.500878	-136.060461	-19.119166
VTR2Ab.tr3_29	-115.486634	-122.499034	-14.0248
VTR2Ab.tr3_301	-110.926371	-116.480569	-11.108396
VTR2Ab.tr3_302	-130.209403	-142.537589	-24.656372
VTR2Ab.tr3_306	-115.029193	-121.598679	-13.138972
VTR2Ab.tr3_309	-124.818789	-130.825747	-12.013916
VTR2Ab.tr3_30	-138.983992	-158.693694	-39.419404
VTR2Ab.tr3_312	-116.069105	-121.178567	-10.218924
VTR2Ab.tr3_313	-120.005859	-127.979137	-15.946556
VTR2Ab.tr3_314	-116.218518	-123.067754	-13.698472
VTR2Ab.tr3_321	-129.226916	-143.151801	-27.84977
VTR2Ab.tr3_345	-124.261911	-131.178811	-13.8338
VTR2Ab.tr3_349	-129.764465	-141.55498	-23.58103
VTR2Ab.tr3_34	-115.957954	-123.10618	-14.296452
VTR2Ab.tr3_35	-109.958288	-116.780957	-13.645338
VTR2Ab.tr3_365	-114.895351	-122.752372	-15.714042
VTR2Ab.tr3_366	-120.11097	-127.970625	-15.71931
VTR2Ab.tr3_369	-126.993139	-139.581319	-25.17636
VTR2Ab.tr3_373	-115.91777	-122.536199	-13.236858
VTR2Ab.tr3_374	-119.202218	-128.465147	-18.525858
VTR2Ab.tr3_376	-140.6808	-144.948882	-8.53616399999999
VTR2Ab.tr3_377	-148.108216	-151.690021	-7.16361000000001
VTR2Ab.tr3_378	-147.084549	-153.228436	-12.287774
VTR2Ab.tr3_379	-147.963679	-152.181956	-8.436554
VTR2Ab.tr3_380	-135.330549	-154.301628	-37.942158
VTR2Ab.tr3_381	-147.361161	-150.535349	-6.34837599999997
VTR2Ab.tr3_382	-147.750727	-151.705621	-7.90978799999999
VTR2Ab.tr3_383	-148.529915	-153.678234	-10.296638
VTR2Ab.tr3_43	-115.530874	-121.940578	-12.819408
VTR2Ab.tr3_49	-115.632124	-121.69204	-12.119832
VTR2Ab.tr3_4	-110.234184	-116.701779	-12.93519
VTR2Ab.tr3_53	-127.746621	-140.718954	-25.944666
VTR2Ab.tr3_68	-128.257882	-135.584208	-14.652652
VTR2Ab.tr3_6	-119.558129	-127.476948	-15.837638
VTR2Ab.tr3_9	-126.398283	-138.474928	-24.15329
VTR2Ba_103	-115.461207	-122.734069	-14.545724
VTR2Ba_114	-124.481195	-132.035295	-15.1082
VTR2Ba_116	-116.249089	-123.486291	-14.474404
VTR2Ba_118	-110.196262	-116.883142	-13.37376
VTR2Ba_11	-114.281834	-120.986485	-13.409302
VTR2Ba_13	-115.627752	-121.818586	-12.381668
VTR2Ba_146	-115.48574	-123.13867	-15.30586
VTR2Ba_14	-135.651692	-143.137149	-14.970914
VTR2Ba_154	-115.339532	-121.402587	-12.12611
VTR2Ba_157	-116.059368	-122.673961	-13.229186
VTR2Ba_158	-127.224908	-139.651092	-24.852368
VTR2Ba_15	-131.624677	-138.704098	-14.158842
VTR2Ba_165	-120.966424	-128.523765	-15.114682
VTR2Ba_16	-128.338023	-136.042796	-15.409546
VTR2Ba_172	-110.51474	-117.067798	-13.106116
VTR2Ba_17	-141.541937	-153.34364	-23.603406
VTR2Ba_188	-115.359475	-123.770907	-16.822864
VTR2Ba_18	-124.392503	-130.26079	-11.736574
VTR2Ba_190	-139.39489	-147.076917	-15.364054
VTR2Ba_192	-115.30366	-123.362982	-16.118644
VTR2Ba_198	-116.178565	-122.839613	-13.322096
VTR2Ba_199	-124.992624	-131.103949	-12.22265
VTR2Ba_19	-115.773468	-123.981187	-16.415438
VTR2Ba_204	-120.013003	-128.445405	-16.864804
VTR2Ba_205	-110.438669	-116.038133	-11.198928
VTR2Ba_209	-127.498332	-138.501967	-22.00727
VTR2Ba_216	-115.679602	-122.157499	-12.955794
VTR2Ba_217	-115.505682	-121.456331	-11.901298
VTR2Ba_21	-131.398495	-139.854325	-16.91166
VTR2Ba_224	-115.630464	-122.018799	-12.77667
VTR2Ba_228	-120.459621	-126.754442	-12.589642
VTR2Ba_22	-134.0444	-141.433242	-14.777684
VTR2Ba_230	-120.167758	-126.842262	-13.349008
VTR2Ba_231	-110.222586	-116.768153	-13.091134
VTR2Ba_233	-119.791906	-126.317759	-13.051706
VTR2Ba_234	-124.053005	-131.613713	-15.121416
VTR2Ba_236	-124.33072	-131.009192	-13.356944
VTR2Ba_238	-132.007952	-144.576911	-25.137918
VTR2Ba_24	-114.933685	-124.056122	-18.244874
VTR2Ba_255	-141.872107	-152.562139	-21.380064
VTR2Ba_259	-134.775377	-145.373503	-21.196252
VTR2Ba_25	-114.122329	-120.459005	-12.673352
VTR2Ba_261	-128.064473	-140.153236	-24.177526
VTR2Ba_263	-115.908782	-122.785399	-13.753234
VTR2Ba_279	-138.515681	-150.25192	-23.472478
VTR2Ba_284	-120.319148	-127.841793	-15.04529
VTR2Ba_287	-128.790912	-135.603525	-13.625226
VTR2Ba_290	-128.881123	-136.20885	-14.655454
VTR2Ba_291	-119.757038	-127.094246	-14.674416
VTR2Ba_294	-120.366773	-127.119711	-13.505876
VTR2Ba_29	-127.447581	-138.467967	-22.040772
VTR2Ba_300	-124.834649	-131.528942	-13.388586
VTR2Ba_30	-115.972908	-122.897665	-13.849514
VTR2Ba_315	-115.19268	-122.969726	-15.554092
VTR2Ba_318	-115.378515	-125.227643	-19.698256
VTR2Ba_319	-136.190992	-152.246529	-32.111074
VTR2Ba_321	-128.544522	-135.399028	-13.709012
VTR2Ba_323	-120.903998	-126.871413	-11.93483
VTR2Ba_325	-116.204181	-123.819896	-15.23143
VTR2Ba_330	-126.844729	-135.995065	-18.300672
VTR2Ba_339	-115.949409	-123.820019	-15.74122
VTR2Ba_33	-128.349913	-138.291195	-19.882564
VTR2Ba_340	-116.274519	-122.942083	-13.335128
VTR2Ba_342	-110.596195	-117.163487	-13.134584
VTR2Ba_343	-119.981112	-126.296962	-12.6317
VTR2Ba_345	-120.387947	-127.043391	-13.310888
VTR2Ba_351	-115.784574	-123.363413	-15.157678
VTR2Ba_356	-115.884175	-121.067615	-10.36688
VTR2Ba_36	-110.163529	-116.276076	-12.225094
VTR2Ba_3	-126.406561	-138.011348	-23.209574
VTR2Ba_40	-110.433215	-116.869308	-12.872186
VTR2Ba_44	-110.842229	-118.387997	-15.091536
VTR2Ba_51	-115.998282	-122.632385	-13.268206
VTR2Ba_55	-111.248022	-116.31587	-10.135696
VTR2Ba_59	-115.586251	-122.00162	-12.830738
VTR2Ba_5	-127.739322	-135.151105	-14.823566
VTR2Ba_70	-125.492814	-130.35428	-9.72293199999999
VTR2Ba_72	-115.865596	-123.328412	-14.925632
VTR2Ba_87	-132.796841	-145.477268	-25.360854
VTR2Ba_8	-116.24439	-122.864219	-13.239658
VTR2Ba_92	-111.052207	-116.625196	-11.145978
VTR2Bb.tr1_101	-116.476849	-122.806931	-12.660164
VTR2Bb.tr1_102	-115.874008	-121.425225	-11.102434
VTR2Bb.tr1_104	-115.819202	-122.923503	-14.208602
VTR2Bb.tr1_118	-115.921153	-122.523274	-13.204242
VTR2Bb.tr1_119	-124.063166	-131.894123	-15.661914
VTR2Bb.tr1_135	-115.392223	-121.672906	-12.561366
VTR2Bb.tr1_136	-116.63619	-121.605753	-9.93912600000002
VTR2Bb.tr1_144	-115.221179	-123.187042	-15.931726
VTR2Bb.tr1_147	-127.154544	-139.524441	-24.739794
VTR2Bb.tr1_14	-147.65297	-156.62695	-17.94796
VTR2Bb.tr1_150	-115.659543	-122.901763	-14.48444
VTR2Bb.tr1_166	-127.301245	-139.200816	-23.799142
VTR2Bb.tr1_167	-115.44015	-123.145565	-15.41083
VTR2Bb.tr1_168	-115.496447	-122.488454	-13.984014
VTR2Bb.tr1_169	-120.241793	-125.864836	-11.246086
VTR2Bb.tr1_174	-126.71933	-137.463988	-21.489316
VTR2Bb.tr1_176	-115.142222	-122.765916	-15.247388
VTR2Bb.tr1_177	-128.249382	-139.103331	-21.707898
VTR2Bb.tr1_17	-126.404197	-135.909046	-19.009698
VTR2Bb.tr1_180	-110.142052	-116.330469	-12.376834
VTR2Bb.tr1_182	-115.555129	-123.848845	-16.587432
VTR2Bb.tr1_18	-115.178192	-122.768034	-15.179684
VTR2Bb.tr1_198	-115.130207	-122.581487	-14.90256
VTR2Bb.tr1_200	-115.564965	-122.996946	-14.863962
VTR2Bb.tr1_205	-115.215036	-121.342766	-12.25546
VTR2Bb.tr1_207	-115.119309	-122.245997	-14.253376
VTR2Bb.tr1_20	-132.461576	-144.515304	-24.107456
VTR2Bb.tr1_21	-120.014652	-126.20485	-12.380396
VTR2Bb.tr1_227	-110.374691	-116.50669	-12.263998
VTR2Bb.tr1_228	-115.224225	-121.875266	-13.302082
VTR2Bb.tr1_230	-128.351634	-139.488723	-22.274178
VTR2Bb.tr1_231	-115.651005	-122.08068	-12.85935
VTR2Bb.tr1_232	-120.512294	-128.734441	-16.444294
VTR2Bb.tr1_234	-115.345222	-122.624105	-14.557766
VTR2Bb.tr1_235	-115.571107	-122.260056	-13.377898
VTR2Bb.tr1_243	-125.139873	-131.810369	-13.340992
VTR2Bb.tr1_249	-114.886298	-121.257955	-12.743314
VTR2Bb.tr1_24	-115.594999	-122.904759	-14.61952
VTR2Bb.tr1_250	-120.500563	-125.895976	-10.790826
VTR2Bb.tr1_251	-120.246659	-126.142354	-11.79139
VTR2Bb.tr1_254	-110.014291	-117.52178	-15.014978
VTR2Bb.tr1_256	-115.771502	-123.775533	-16.008062
VTR2Bb.tr1_259	-120.575689	-127.5992	-14.047022
VTR2Bb.tr1_25	-115.906609	-120.888935	-9.964652
VTR2Bb.tr1_260	-148.861583	-156.386252	-15.049338
VTR2Bb.tr1_261	-120.245196	-127.752736	-15.01508
VTR2Bb.tr1_263	-120.458245	-126.341423	-11.766356
VTR2Bb.tr1_268	-129.330288	-137.582405	-16.504234
VTR2Bb.tr1_26	-142.670438	-151.617236	-17.893596
VTR2Bb.tr1_271	-129.443732	-136.44607	-14.004676
VTR2Bb.tr1_272	-115.670361	-122.045178	-12.749634
VTR2Bb.tr1_27	-131.724129	-139.994553	-16.540848
VTR2Bb.tr1_283	-115.944224	-123.897377	-15.906306
VTR2Bb.tr1_284	-110.663521	-117.394583	-13.462124
VTR2Bb.tr1_285	-115.373261	-121.717726	-12.68893
VTR2Bb.tr1_286	-115.820264	-123.428929	-15.21733
VTR2Bb.tr1_288	-115.393556	-124.250803	-17.714494
VTR2Bb.tr1_28	-115.682912	-122.597069	-13.828314
VTR2Bb.tr1_292	-116.115128	-123.748009	-15.265762
VTR2Bb.tr1_29	-115.186473	-121.553194	-12.733442
VTR2Bb.tr1_2	-116.183405	-123.877098	-15.387386
VTR2Bb.tr1_300	-131.619031	-143.97959	-24.721118
VTR2Bb.tr1_309	-124.003918	-131.682894	-15.357952
VTR2Bb.tr1_312	-129.64818	-142.612735	-25.92911
VTR2Bb.tr1_315	-133.844307	-142.840696	-17.992778
VTR2Bb.tr1_316	-133.755413	-143.703797	-19.896768
VTR2Bb.tr1_324	-132.459864	-139.030228	-13.140728
VTR2Bb.tr1_32	-115.418531	-120.813565	-10.790068
VTR2Bb.tr1_336	-120.396832	-127.25117	-13.708676
VTR2Bb.tr1_341	-127.987993	-136.413383	-16.85078
VTR2Bb.tr1_342	-120.331503	-125.811119	-10.959232
VTR2Bb.tr1_345	-128.543531	-138.764871	-20.44268
VTR2Bb.tr1_348	-134.018038	-144.066669	-20.097262
VTR2Bb.tr1_34	-125.859724	-136.236486	-20.753524
VTR2Bb.tr1_353	-113.517246	-120.416767	-13.799042
VTR2Bb.tr1_354	-116.046801	-121.293278	-10.492954
VTR2Bb.tr1_357	-121.526968	-128.130266	-13.206596
VTR2Bb.tr1_359	-132.002887	-143.148269	-22.290764
VTR2Bb.tr1_35	-123.734977	-131.406499	-15.343044
VTR2Bb.tr1_362	-115.469438	-122.419059	-13.899242
VTR2Bb.tr1_363	-129.11189	-137.261709	-16.299638
VTR2Bb.tr1_366	-141.645272	-154.804937	-26.31933
VTR2Bb.tr1_368	-115.505699	-123.878143	-16.744888
VTR2Bb.tr1_370	-110.413585	-117.792056	-14.756942
VTR2Bb.tr1_373	-133.313132	-143.371916	-20.117568
VTR2Bb.tr1_374	-116.436522	-123.308856	-13.744668
VTR2Bb.tr1_375	-115.121984	-123.90597	-17.567972
VTR2Bb.tr1_378	-115.113954	-121.932938	-13.637968
VTR2Bb.tr1_380	-127.558391	-136.451871	-17.78696
VTR2Bb.tr1_39	-115.670188	-122.59799	-13.855604
VTR2Bb.tr1_3	-109.73751	-116.949605	-14.42419
VTR2Bb.tr1_40	-119.748105	-127.139286	-14.782362
VTR2Bb.tr1_41	-132.3272	-143.452381	-22.250362
VTR2Bb.tr1_43	-115.769083	-122.631015	-13.723864
VTR2Bb.tr1_44	-128.855304	-134.752356	-11.794104
VTR2Bb.tr1_45	-145.219903	-158.800114	-27.160422
VTR2Bb.tr1_46	-115.583252	-121.845172	-12.52384
VTR2Bb.tr1_4	-121.065743	-129.569534	-17.007582
VTR2Bb.tr1_50	-130.944239	-274.950428	-288.012378
VTR2Bb.tr1_51	-115.726268	-122.027677	-12.602818
VTR2Bb.tr1_52	-126.58076	-140.181821	-27.202122
VTR2Bb.tr1_55	-116.093062	-122.853651	-13.521178
VTR2Bb.tr1_59	-123.69418	-131.451278	-15.514196
VTR2Bb.tr1_5	-115.810487	-121.678505	-11.736036
VTR2Bb.tr1_62	-115.765225	-123.372666	-15.214882
VTR2Bb.tr1_63	-124.015044	-131.379595	-14.729102
VTR2Bb.tr1_64	-131.298753	-139.476675	-16.355844
VTR2Bb.tr1_68	-121.099731	-127.936264	-13.673066
VTR2Bb.tr1_73	-115.267951	-121.877233	-13.218564
VTR2Bb.tr1_74	-116.044506	-123.652253	-15.215494
VTR2Bb.tr1_75	-115.598007	-121.406379	-11.616744
VTR2Bb.tr1_82	-116.532006	-122.565202	-12.066392
VTR2Bb.tr1_8	-115.912923	-121.185466	-10.545086
VTR2Bb.tr1_9	-120.182473	-126.614091	-12.863236
VTR2Bb.tr2_100	-115.587088	-122.413556	-13.652936
VTR2Bb.tr2_101	-115.332672	-122.520163	-14.374982
VTR2Bb.tr2_109	-115.948819	-123.035404	-14.17317
VTR2Bb.tr2_10	-145.065832	-156.300069	-22.468474
VTR2Bb.tr2_112	-127.041067	-139.417084	-24.752034
VTR2Bb.tr2_115	-115.621548	-122.190013	-13.13693
VTR2Bb.tr2_11	-116.18824	-121.551252	-10.726024
VTR2Bb.tr2_131	-127.392274	-140.379696	-25.974844
VTR2Bb.tr2_132	-115.664475	-123.296532	-15.264114
VTR2Bb.tr2_133	-115.611174	-122.792852	-14.363356
VTR2Bb.tr2_134	-119.946712	-126.586089	-13.278754
VTR2Bb.tr2_139	-126.045538	-138.535654	-24.980232
VTR2Bb.tr2_141	-116.041112	-123.259857	-14.43749
VTR2Bb.tr2_142	-127.80625	-140.241431	-24.870362
VTR2Bb.tr2_145	-110.175981	-116.521249	-12.690536
VTR2Bb.tr2_147	-115.265482	-123.040888	-15.550812
VTR2Bb.tr2_15	-130.675474	-147.216879	-33.08281
VTR2Bb.tr2_163	-116.505142	-124.560226	-16.110168
VTR2Bb.tr2_165	-115.097903	-124.036156	-17.876506
VTR2Bb.tr2_16	-115.528325	-122.876761	-14.696872
VTR2Bb.tr2_170	-115.171717	-121.830422	-13.31741
VTR2Bb.tr2_172	-115.996893	-123.667076	-15.340366
VTR2Bb.tr2_17	-127.140626	-137.823195	-21.365138
VTR2Bb.tr2_192	-110.158073	-117.602073	-14.888
VTR2Bb.tr2_193	-115.249482	-121.81596	-13.132956
VTR2Bb.tr2_195	-127.811999	-138.681307	-21.738616
VTR2Bb.tr2_196	-115.529304	-121.352713	-11.646818
VTR2Bb.tr2_197	-120.929736	-126.993572	-12.127672
VTR2Bb.tr2_199	-115.675268	-123.483435	-15.616334
VTR2Bb.tr2_200	-115.732762	-121.427417	-11.38931
VTR2Bb.tr2_208	-124.717205	-132.359482	-15.284554
VTR2Bb.tr2_20	-115.930275	-121.996693	-12.132836
VTR2Bb.tr2_214	-114.226935	-120.020264	-11.586658
VTR2Bb.tr2_215	-120.150747	-126.606831	-12.912168
VTR2Bb.tr2_216	-120.312978	-127.24082	-13.855684
VTR2Bb.tr2_219	-110.146643	-116.00671	-11.720134
VTR2Bb.tr2_221	-114.86504	-123.002288	-16.274496
VTR2Bb.tr2_224	-120.06075	-127.721957	-15.322414
VTR2Bb.tr2_225	-147.77214	-243.714723	-191.885166
VTR2Bb.tr2_226	-120.464879	-128.028523	-15.127288
VTR2Bb.tr2_228	-120.264973	-126.815716	-13.101486
VTR2Bb.tr2_233	-128.660986	-137.191385	-17.060798
VTR2Bb.tr2_236	-129.224127	-138.77826	-19.108266
VTR2Bb.tr2_237	-116.233206	-123.860099	-15.253786
VTR2Bb.tr2_248	-115.26601	-123.064264	-15.596508
VTR2Bb.tr2_249	-110.63018	-118.078295	-14.89623
VTR2Bb.tr2_24	-124.119162	-131.832147	-15.42597
VTR2Bb.tr2_250	-115.602244	-123.159462	-15.114436
VTR2Bb.tr2_251	-115.664674	-122.51566	-13.701972
VTR2Bb.tr2_253	-115.604132	-122.835977	-14.46369
VTR2Bb.tr2_257	-115.815814	-123.672744	-15.71386
VTR2Bb.tr2_265	-133.020994	-144.87716	-23.712332
VTR2Bb.tr2_274	-124.25857	-132.03558	-15.55402
VTR2Bb.tr2_277	-129.872665	-143.073613	-26.401896
VTR2Bb.tr2_27	-115.180319	-123.254717	-16.148796
VTR2Bb.tr2_280	-134.155097	-142.772578	-17.234962
VTR2Bb.tr2_281	-133.96741	-145.021375	-22.10793
VTR2Bb.tr2_289	-132.116656	-140.479028	-16.724744
VTR2Bb.tr2_28	-124.594627	-131.546115	-13.902976
VTR2Bb.tr2_29	-131.527228	-138.187424	-13.320392
VTR2Bb.tr2_301	-120.687251	-126.335958	-11.297414
VTR2Bb.tr2_306	-128.4732	-136.111602	-15.276804
VTR2Bb.tr2_307	-121.106075	-126.126378	-10.040606
VTR2Bb.tr2_310	-128.646987	-140.761344	-24.228714
VTR2Bb.tr2_313	-133.932247	-144.167428	-20.470362
VTR2Bb.tr2_318	-113.390636	-120.11626	-13.451248
VTR2Bb.tr2_319	-115.894304	-121.974587	-12.160566
VTR2Bb.tr2_322	-119.991919	-127.360684	-14.73753
VTR2Bb.tr2_324	-130.304249	-143.063052	-25.517606
VTR2Bb.tr2_327	-115.916847	-122.08053	-12.327366
VTR2Bb.tr2_328	-129.702512	-137.2885	-15.171976
VTR2Bb.tr2_331	-141.568595	-154.205802	-25.274414
VTR2Bb.tr2_333	-115.586375	-122.53024	-13.88773
VTR2Bb.tr2_335	-110.34937	-118.429432	-16.160124
VTR2Bb.tr2_338	-135.054391	-143.109215	-16.109648
VTR2Bb.tr2_339	-115.487181	-122.954395	-14.934428
VTR2Bb.tr2_33	-120.046318	-127.124155	-14.155674
VTR2Bb.tr2_340	-115.450501	-122.935076	-14.96915
VTR2Bb.tr2_343	-115.68194	-121.18003	-10.99618
VTR2Bb.tr2_345	-126.488058	-135.198925	-17.421734
VTR2Bb.tr2_38	-115.525808	-124.112391	-17.173166
VTR2Bb.tr2_39	-115.853699	-123.657761	-15.608124
VTR2Bb.tr2_40	-115.977934	-122.108456	-12.261044
VTR2Bb.tr2_47	-115.521396	-122.278838	-13.514884
VTR2Bb.tr2_4	-115.299171	-123.671146	-16.74395
VTR2Bb.tr2_5	-120.729116	-126.322298	-11.186364
VTR2Bb.tr2_66	-115.422951	-122.477698	-14.109494
VTR2Bb.tr2_67	-115.96407	-123.105463	-14.282786
VTR2Bb.tr2_69	-115.175318	-121.701093	-13.05155
VTR2Bb.tr2_6	-132.455126	-142.736659	-20.563066
VTR2Bb.tr2_83	-115.488889	-122.938545	-14.899312
VTR2Bb.tr2_84	-123.913171	-131.229357	-14.632372
VTR2Bb.tr2_8	-115.671516	-122.435802	-13.528572
VTR2Bb.tr2_9	-128.594531	-135.238911	-13.28876
