site	ind	dep	BF
OT_107	-123.964619	-128.970826	-10.012414
OT_109	-119.504524	-126.603874	-14.1987
OT_110	-124.122342	-128.503098	-8.76151199999998
OT_116	-131.040299	-141.040582	-20.000566
OT_120	-137.849228	-145.90926	-16.120064
OT_127	-115.017433	-119.287456	-8.54004600000002
OT_129	-119.844128	-124.084872	-8.48148800000001
OT_131	-134.928851	-142.281982	-14.706262
OT_132	-132.597646	-146.284057	-27.372822
OT_133	-120.097545	-124.655502	-9.115914
OT_134	-119.407225	-124.592996	-10.371542
OT_136	-124.007864	-129.803123	-11.590518
OT_141	-137.878611	-148.880689	-22.004156
OT_146	-148.268307	-158.824805	-21.112996
OT_147	-114.340238	-120.080891	-11.481306
OT_150	-119.62868	-125.558683	-11.860006
OT_155	-115.185294	-120.317728	-10.264868
OT_156	-130.28565	-137.825457	-15.079614
OT_16	-120.067679	-125.259585	-10.383812
OT_33	-115.054814	-119.546931	-8.98423400000001
OT_36	-114.426533	-119.342929	-9.83279199999998
OT_46	-120.203375	-125.306253	-10.205756
OT_48	-120.39698	-124.858947	-8.923934
OT_51	-136.476264	-145.594426	-18.236324
OT_56	-130.502385	-139.674576	-18.344382
OT_68	-115.051063	-119.194743	-8.28736000000001
OT_74	-119.803942	-124.867289	-10.126694
OT_76	-141.24446	-150.295462	-18.102004
OT_91	-119.740042	-125.463576	-11.447068
OT_9	-120.340343	-124.487281	-8.29387599999998
OTRa_11	-134.120636	-147.710935	-27.180598
OTRa_138	-114.452982	-120.353628	-11.801292
OTRa_13	-130.951947	-139.382292	-16.86069
OTRa_14	-155.441812	-201.57223	-92.260836
OTRa_15	-119.688294	-123.883956	-8.391324
OTRa_165	-119.929718	-123.763879	-7.66832200000002
OTRa_169	-115.073747	-118.571015	-6.99453600000001
OTRa_186	-132.564315	-143.991316	-22.854002
OTRa_205	-128.247642	-131.911953	-7.328622
OTRa_21	-120.057184	-123.627375	-7.14038199999999
OTRa_23	-124.805838	-129.298897	-8.98611800000003
OTRa_248	-132.3596	-135.265868	-5.81253600000002
OTRa_24	-120.110518	-125.736993	-11.25295
OTRa_256	-114.242133	-119.755152	-11.026038
OTRa_260	-124.822876	-128.508611	-7.37147000000002
OTRa_27	-119.182984	-125.743051	-13.120134
OTRa_2	-119.734889	-125.116952	-10.764126
OTRa_304	-119.723522	-124.569829	-9.69261399999999
OTRa_337	-119.729282	-125.613856	-11.769148
OTRa_344	-114.950835	-119.8367	-9.77172999999999
OTRa_352	-119.752406	-124.777646	-10.05048
OTRa_355	-119.667592	-125.844408	-12.353632
OTRa_360	-120.263447	-124.910853	-9.29481200000001
OTRa_362	-119.538477	-125.34032	-11.603686
OTRa_363	-123.993917	-129.178077	-10.36832
OTRa_364	-119.385977	-125.275465	-11.778976
OTRa_378	-114.64773	-119.152352	-9.009244
OTRa_382	-114.895243	-119.760183	-9.72988000000001
OTRa_43	-119.805654	-124.536426	-9.461544
OTRa_6	-114.84571	-120.587254	-11.483088
OTRa_73	-119.558506	-124.399049	-9.68108600000002
OTRa_74	-115.307856	-119.848547	-9.08138199999999
OTRb.tr1_114	-114.599885	-119.878788	-10.557806
OTRb.tr1_12	-114.755387	-119.769809	-10.028844
OTRb.tr1_13	-120.734598	-125.466525	-9.463854
OTRb.tr1_145	-127.923839	-133.061359	-10.27504
OTRb.tr1_152	-134.045301	-139.261192	-10.431782
OTRb.tr1_153	-118.911597	-123.824338	-9.82548199999999
OTRb.tr1_154	-137.57443	-145.410342	-15.671824
OTRb.tr1_156	-115.191628	-119.496749	-8.610242
OTRb.tr1_159	-114.509452	-119.547273	-10.075642
OTRb.tr1_15	-137.654654	-207.387769	-139.46623
OTRb.tr1_162	-114.641455	-120.445842	-11.608774
OTRb.tr1_164	-120.35143	-125.24117	-9.77948000000001
OTRb.tr1_166	-135.155663	-145.847585	-21.383844
OTRb.tr1_173	-124.720021	-129.988691	-10.53734
OTRb.tr1_176	-137.800787	-145.885262	-16.16895
OTRb.tr1_19	-124.005106	-130.192224	-12.374236
OTRb.tr1_210	-137.122851	-146.966155	-19.686608
OTRb.tr1_221	-124.674033	-129.821795	-10.295524
OTRb.tr1_236	-115.09585	-120.33828	-10.48486
OTRb.tr1_23	-119.619854	-124.808204	-10.3767
OTRb.tr1_241	-114.976401	-119.523297	-9.09379200000001
OTRb.tr1_247	-126.171835	-131.332142	-10.320614
OTRb.tr1_251	-114.45896	-119.368543	-9.819166
OTRb.tr1_252	-130.239553	-140.465332	-20.451558
OTRb.tr1_255	-124.700126	-127.932298	-6.46434400000001
OTRb.tr1_258	-120.077042	-124.568143	-8.982202
OTRb.tr1_25	-130.939591	-139.448393	-17.017604
OTRb.tr1_28	-114.578648	-119.109578	-9.06186
OTRb.tr1_304	-120.080597	-125.564202	-10.96721
OTRb.tr1_310	-114.553508	-119.88706	-10.667104
OTRb.tr1_311	-114.895727	-120.168454	-10.545454
OTRb.tr1_313	-115.232488	-119.416419	-8.367862
OTRb.tr1_314	-130.94472	-137.619359	-13.349278
OTRb.tr1_315	-131.664979	-138.46499	-13.600022
OTRb.tr1_316	-130.88755	-137.310641	-12.846182
OTRb.tr1_317	-130.772333	-138.523864	-15.503062
OTRb.tr1_318	-130.003818	-141.058107	-22.108578
OTRb.tr1_319	-121.837378	-126.347536	-9.02031600000001
OTRb.tr1_320	-130.654597	-137.325577	-13.34196
OTRb.tr1_321	-130.68617	-137.857065	-14.34179
OTRb.tr1_322	-131.605959	-137.320664	-11.42941
OTRb.tr1_323	-130.130747	-136.573243	-12.884992
OTRb.tr1_324	-131.712521	-137.640289	-11.855536
OTRb.tr1_325	-130.911256	-138.224691	-14.62687
OTRb.tr1_326	-129.413243	-140.270327	-21.714168
OTRb.tr1_327	-131.779841	-138.090852	-12.622022
OTRb.tr1_328	-130.51528	-136.39913	-11.7677
OTRb.tr1_329	-131.308328	-137.52436	-12.432064
OTRb.tr1_330	-128.71619	-136.680856	-15.929332
OTRb.tr1_331	-131.256635	-136.95385	-11.39443
OTRb.tr1_332	-131.222441	-137.704958	-12.965034
OTRb.tr1_333	-131.604861	-138.295059	-13.380396
OTRb.tr1_334	-131.044223	-137.37211	-12.655774
OTRb.tr1_335	-130.735718	-136.948864	-12.426292
OTRb.tr1_336	-128.940622	-136.434287	-14.98733
OTRb.tr1_337	-131.339299	-137.992621	-13.306644
OTRb.tr1_338	-131.160102	-138.223287	-14.12637
OTRb.tr1_339	-132.12123	-137.067139	-9.891818
OTRb.tr1_33	-115.128682	-119.727262	-9.19716
OTRb.tr1_340	-131.416996	-137.861825	-12.889658
OTRb.tr1_341	-131.418815	-136.840036	-10.842442
OTRb.tr1_342	-129.289681	-136.01532	-13.451278
OTRb.tr1_343	-130.596367	-137.995429	-14.798124
OTRb.tr1_344	-130.669536	-137.928459	-14.517846
OTRb.tr1_345	-130.997181	-137.74939	-13.504418
OTRb.tr1_346	-144.782305	-157.663223	-25.761836
OTRb.tr1_347	-131.539799	-136.981877	-10.884156
OTRb.tr1_348	-130.313138	-137.452612	-14.278948
OTRb.tr1_349	-131.317699	-137.590091	-12.544784
OTRb.tr1_350	-131.30924	-137.376283	-12.134086
OTRb.tr1_351	-131.47365	-138.276118	-13.604936
OTRb.tr1_352	-124.208973	-135.196346	-21.974746
OTRb.tr1_353	-130.913553	-136.979902	-12.132698
OTRb.tr1_354	-134.275126	-140.060216	-11.57018
OTRb.tr1_355	-135.28453	-140.739986	-10.910912
OTRb.tr1_356	-135.848897	-140.93892	-10.180046
OTRb.tr1_49	-114.455354	-119.313617	-9.71652599999999
OTRb.tr1_51	-124.035438	-129.313977	-10.557078
OTRb.tr1_62	-136.198713	-183.486698	-94.57597
OTRb.tr1_63	-119.74475	-124.271116	-9.05273200000002
OTRb.tr1_66	-119.31414	-125.103408	-11.578536
OTRb.tr1_8	-120.284557	-124.657547	-8.74597999999997
OTRb.tr1_94	-120.343225	-125.12764	-9.56882999999999
OTRb.tr2_114	-114.62662	-119.202065	-9.15089
OTRb.tr2_12	-115.62942	-120.253718	-9.24859600000002
OTRb.tr2_13	-119.804975	-124.620567	-9.63118399999999
OTRb.tr2_145	-128.130075	-133.513077	-10.766004
OTRb.tr2_152	-133.509241	-138.482799	-9.94711599999999
OTRb.tr2_153	-119.362196	-124.260013	-9.79563400000001
OTRb.tr2_154	-137.873601	-146.2734	-16.799598
OTRb.tr2_156	-114.906975	-118.927218	-8.04048599999999
OTRb.tr2_159	-114.568636	-120.532423	-11.927574
OTRb.tr2_15	-137.961409	-150.450779	-24.97874
OTRb.tr2_162	-114.781059	-119.712915	-9.86371199999999
OTRb.tr2_164	-119.980903	-125.901568	-11.84133
OTRb.tr2_166	-136.366549	-143.645499	-14.5579
OTRb.tr2_173	-124.359667	-127.826148	-6.932962
OTRb.tr2_176	-137.373433	-147.584698	-20.42253
OTRb.tr2_19	-123.960308	-129.891753	-11.86289
OTRb.tr2_210	-137.068539	-146.313794	-18.49051
OTRb.tr2_221	-124.765819	-130.364261	-11.196884
OTRb.tr2_236	-114.118243	-119.587917	-10.939348
OTRb.tr2_23	-120.446565	-125.363879	-9.83462799999998
OTRb.tr2_241	-114.897325	-120.501095	-11.20754
OTRb.tr2_247	-126.323613	-131.064191	-9.481156
OTRb.tr2_251	-114.767954	-120.003263	-10.470618
OTRb.tr2_252	-131.01543	-139.466399	-16.901938
OTRb.tr2_255	-124.33618	-128.135329	-7.59829800000003
OTRb.tr2_258	-119.717892	-124.048763	-8.66174199999998
OTRb.tr2_25	-130.959369	-139.378235	-16.837732
OTRb.tr2_28	-114.901707	-119.046719	-8.29002399999999
OTRb.tr2_304	-120.097276	-124.62408	-9.05360800000003
OTRb.tr2_315	-138.1766	-224.782844	-173.212488
OTRb.tr2_33	-114.875385	-119.766923	-9.78307600000002
OTRb.tr2_350	-114.757211	-119.295118	-9.07581400000001
OTRb.tr2_351	-120.375087	-125.092924	-9.43567400000001
OTRb.tr2_355	-131.739708	-136.253335	-9.02725399999997
OTRb.tr2_357	-132.192638	-141.274332	-18.163388
OTRb.tr2_360	-134.968167	-144.132704	-18.329074
OTRb.tr2_361	-132.507734	-222.864	-180.712532
OTRb.tr2_362	-124.830094	-128.951325	-8.24246199999999
OTRb.tr2_363	-131.684057	-134.436364	-5.504614
OTRb.tr2_364	-114.739765	-120.60339	-11.72725
OTRb.tr2_365	-120.211075	-124.284888	-8.147626
OTRb.tr2_367	-114.691446	-118.977879	-8.572866
OTRb.tr2_369	-124.174899	-129.13756	-9.92532200000002
OTRb.tr2_371	-120.979262	-124.968515	-7.97850599999998
OTRb.tr2_373	-132.769585	-143.153997	-20.768824
OTRb.tr2_374	-120.003285	-125.335103	-10.663636
OTRb.tr2_378	-114.254779	-120.382841	-12.256124
OTRb.tr2_379	-119.848399	-124.607232	-9.51766599999999
OTRb.tr2_380	-119.684004	-125.173279	-10.97855
OTRb.tr2_381	-120.292382	-124.549413	-8.514062
OTRb.tr2_386	-119.856209	-124.462352	-9.21228599999998
OTRb.tr2_387	-120.093852	-125.003848	-9.81999200000001
OTRb.tr2_388	-119.512576	-124.613904	-10.202656
OTRb.tr2_389	-115.6038	-121.529187	-11.850774
OTRb.tr2_390	-139.934939	-146.051926	-12.233974
OTRb.tr2_391	-119.559141	-124.636662	-10.155042
OTRb.tr2_49	-115.056043	-119.932702	-9.75331800000001
OTRb.tr2_51	-123.818509	-128.511607	-9.38619599999998
OTRb.tr2_62	-134.777198	-143.281591	-17.008786
OTRb.tr2_63	-119.95431	-124.92848	-9.94833999999997
OTRb.tr2_66	-120.222859	-124.618532	-8.791346
OTRb.tr2_8	-119.86441	-124.912456	-10.096092
OTRb.tr2_94	-119.751661	-124.411747	-9.32017200000001
OTRb.tr3_114	-115.009105	-119.814546	-9.610882
OTRb.tr3_120	-114.907377	-118.923989	-8.03322400000002
OTRb.tr3_121	-119.911136	-124.858978	-9.89568399999999
OTRb.tr3_125	-119.574215	-124.388203	-9.62797600000002
OTRb.tr3_12	-115.067479	-120.528608	-10.922258
OTRb.tr3_130	-120.216716	-124.444933	-8.456434
OTRb.tr3_132	-146.984536	-159.313261	-24.65745
OTRb.tr3_136	-137.285474	-144.781483	-14.992018
OTRb.tr3_137	-137.224354	-224.788189	-175.12767
OTRb.tr3_138	-137.503886	-146.326143	-17.644514
OTRb.tr3_13	-120.195558	-124.478407	-8.565698
OTRb.tr3_15	-139.768763	-207.412539	-135.287552
OTRb.tr3_19	-124.022129	-128.939687	-9.83511599999997
OTRb.tr3_23	-119.65898	-124.828857	-10.339754
OTRb.tr3_25	-131.201366	-138.555878	-14.709024
OTRb.tr3_28	-114.406787	-119.534845	-10.256116
OTRb.tr3_33	-115.621213	-119.888846	-8.53526600000001
OTRb.tr3_49	-114.257518	-119.918397	-11.321758
OTRb.tr3_51	-123.3782	-128.746817	-10.737234
OTRb.tr3_62	-135.253204	-144.436074	-18.36574
OTRb.tr3_63	-119.982426	-124.188872	-8.412892
OTRb.tr3_66	-119.905069	-124.721143	-9.632148
OTRb.tr3_8	-120.204108	-125.50651	-10.604804
OTRb.tr3_94	-119.330355	-125.335687	-12.010664
VT_100	-119.390841	-124.720695	-10.659708
VT_101	-145.862932	-155.792391	-19.858918
VT_103	-119.930281	-124.649196	-9.43783000000002
VT_104	-134.625456	-140.722886	-12.1948599999999
VT_107	-119.89384	-124.800497	-9.81331399999999
VT_112	-136.735863	-144.901933	-16.33214
VT_114	-135.512158	-139.900303	-8.77629000000002
VT_118	-114.745209	-119.765694	-10.04097
VT_119	-113.914964	-118.756829	-9.68373
VT_121	-114.743731	-119.936469	-10.385476
VT_126	-114.065494	-119.704371	-11.277754
VT_128	-119.143768	-124.266649	-10.245762
VT_129	-131.208494	-138.330766	-14.244544
VT_131	-114.755848	-119.265356	-9.01901599999999
VT_132	-119.665526	-124.465936	-9.60082
VT_133	-114.136522	-118.852983	-9.43292199999999
VT_136	-128.335615	-132.076215	-7.4812
VT_140	-119.318284	-124.499771	-10.362974
VT_149	-114.979113	-120.264154	-10.570082
VT_151	-119.659241	-124.155671	-8.99286000000001
VT_32	-115.643313	-120.067624	-8.84862199999998
VT_34	-119.896758	-124.411029	-9.02854199999999
VT_46	-119.860661	-125.105468	-10.489614
VT_49	-131.165932	-138.328104	-14.324344
VT_4	-120.021214	-124.555363	-9.068298
VT_51	-119.397689	-124.609931	-10.424484
VT_61	-114.539176	-119.756054	-10.433756
VT_62	-120.110013	-124.874933	-9.52984000000001
VT_69	-119.768185	-125.524385	-11.5124
VT_70	-114.692921	-120.304032	-11.222222
VT_82	-130.350344	-139.56487	-18.429052
VT_88	-119.741525	-124.473287	-9.46352400000001
VT_95	-124.045011	-128.910156	-9.73029
VT_98	-142.208518	-150.635889	-16.854742
VTR1Aa.tr1_11	-119.937677	-125.231889	-10.588424
VTR1Aa.tr1_13	-114.165488	-118.917054	-9.50313199999999
VTR1Aa.tr1_15	-130.485763	-138.443167	-15.914808
VTR1Aa.tr1_162	-119.717549	-124.443197	-9.45129599999999
VTR1Aa.tr1_173	-114.900234	-118.933172	-8.065876
VTR1Aa.tr1_17	-115.281903	-118.797728	-7.03165000000001
VTR1Aa.tr1_193	-114.636298	-120.368092	-11.463588
VTR1Aa.tr1_1	-115.080944	-118.984958	-7.80802800000001
VTR1Aa.tr1_20	-119.877516	-125.522898	-11.290764
VTR1Aa.tr1_210	-124.354463	-129.455171	-10.201416
VTR1Aa.tr1_235	-131.670196	-135.624513	-7.90863400000001
VTR1Aa.tr1_242	-113.577586	-118.560247	-9.96532200000001
VTR1Aa.tr1_245	-169.740432	-176.086575	-12.692286
VTR1Aa.tr1_24	-114.773853	-119.719775	-9.89184399999999
VTR1Aa.tr1_250	-120.256463	-123.945861	-7.37879599999999
VTR1Aa.tr1_257	-119.642006	-125.692427	-12.100842
VTR1Aa.tr1_258	-119.651007	-125.067207	-10.8324
VTR1Aa.tr1_262	-114.194877	-119.695709	-11.001664
VTR1Aa.tr1_26	-119.759803	-125.166609	-10.813612
VTR1Aa.tr1_27	-119.380892	-124.486718	-10.211652
VTR1Aa.tr1_289	-124.780146	-129.024645	-8.48899799999998
VTR1Aa.tr1_28	-114.969898	-119.208254	-8.47671199999999
VTR1Aa.tr1_306	-119.70738	-124.555973	-9.69718599999999
VTR1Aa.tr1_30	-120.036955	-124.421677	-8.76944399999999
VTR1Aa.tr1_313	-157.731744	-162.921078	-10.378668
VTR1Aa.tr1_31	-122.889987	-127.688835	-9.59769599999998
VTR1Aa.tr1_32	-114.831854	-120.021533	-10.379358
VTR1Aa.tr1_359	-120.245702	-126.024672	-11.55794
VTR1Aa.tr1_35	-133.680671	-142.85997	-18.358598
VTR1Aa.tr1_360	-120.378623	-124.491022	-8.22479799999999
VTR1Aa.tr1_362	-120.565638	-124.89039	-8.64950399999998
VTR1Aa.tr1_365	-120.27668	-124.961044	-9.368728
VTR1Aa.tr1_367	-124.071203	-129.358679	-10.574952
VTR1Aa.tr1_377	-119.914608	-125.243883	-10.65855
VTR1Aa.tr1_37	-123.839239	-127.964777	-8.25107599999998
VTR1Aa.tr1_380	-127.843936	-131.502357	-7.31684199999998
VTR1Aa.tr1_388	-120.256468	-124.941336	-9.36973600000002
VTR1Aa.tr1_38	-140.852951	-150.958225	-20.210548
VTR1Aa.tr1_396	-119.920995	-124.874347	-9.90670399999999
VTR1Aa.tr1_39	-124.653989	-129.301851	-9.29572400000001
VTR1Aa.tr1_3	-132.224508	-139.701881	-14.954746
VTR1Aa.tr1_408	-145.231628	-154.029049	-17.594842
VTR1Aa.tr1_410	-136.490459	-144.3621	-15.743282
VTR1Aa.tr1_411	-115.292201	-119.848234	-9.112066
VTR1Aa.tr1_41	-114.95262	-119.646029	-9.38681800000001
VTR1Aa.tr1_4	-134.807739	-142.443904	-15.27233
VTR1Aa.tr1_50	-120.578652	-124.582328	-8.007352
VTR1Aa.tr1_5	-124.957069	-129.42398	-8.93382199999999
VTR1Aa.tr1_65	-119.814137	-124.148936	-8.66959800000001
VTR1Aa.tr1_68	-120.812387	-124.637316	-7.64985799999999
VTR1Aa.tr1_71	-114.84558	-119.656098	-9.621036
VTR1Aa.tr1_92	-124.206393	-128.923589	-9.43439199999997
VTR1Aa.tr2_11	-120.4345	-124.859379	-8.84975800000001
VTR1Aa.tr2_13	-114.3077	-119.2314	-9.84739999999999
VTR1Aa.tr2_15	-130.936801	-139.354919	-16.836236
VTR1Aa.tr2_162	-119.870523	-124.2094	-8.67775399999999
VTR1Aa.tr2_173	-114.473099	-119.683377	-10.420556
VTR1Aa.tr2_17	-114.134648	-119.567408	-10.86552
VTR1Aa.tr2_193	-115.440623	-119.292937	-7.70462799999999
VTR1Aa.tr2_1	-114.628561	-120.01373	-10.770338
VTR1Aa.tr2_20	-119.891878	-124.339132	-8.894508
VTR1Aa.tr2_210	-124.815498	-129.443583	-9.25616999999997
VTR1Aa.tr2_235	-131.072296	-134.863115	-7.581638
VTR1Aa.tr2_242	-114.092966	-118.55635	-8.92676799999998
VTR1Aa.tr2_245	-169.675582	-176.084838	-12.818512
VTR1Aa.tr2_24	-114.458445	-120.156396	-11.395902
VTR1Aa.tr2_250	-121.024766	-126.387106	-10.72468
VTR1Aa.tr2_257	-120.076487	-124.903293	-9.65361200000001
VTR1Aa.tr2_258	-119.523048	-124.947261	-10.848426
VTR1Aa.tr2_262	-114.724743	-119.661193	-9.87289999999999
VTR1Aa.tr2_26	-119.357957	-123.857596	-8.999278
VTR1Aa.tr2_27	-119.762873	-124.65624	-9.786734
VTR1Aa.tr2_289	-124.652931	-129.314705	-9.32354800000002
VTR1Aa.tr2_28	-114.744189	-120.171387	-10.854396
VTR1Aa.tr2_306	-121.599816	-125.491548	-7.78346399999998
VTR1Aa.tr2_30	-120.14353	-124.116368	-7.94567599999999
VTR1Aa.tr2_313	-157.213967	-162.054079	-9.68022400000001
VTR1Aa.tr2_31	-123.628587	-127.801217	-8.34526
VTR1Aa.tr2_32	-114.921856	-120.331285	-10.818858
VTR1Aa.tr2_359	-119.373611	-126.512227	-14.277232
VTR1Aa.tr2_35	-134.045558	-142.653888	-17.21666
VTR1Aa.tr2_360	-119.707355	-125.090691	-10.766672
VTR1Aa.tr2_362	-119.642646	-125.134753	-10.984214
VTR1Aa.tr2_365	-119.976179	-125.166234	-10.38011
VTR1Aa.tr2_367	-124.893921	-128.622525	-7.45720799999998
VTR1Aa.tr2_377	-119.74687	-125.371982	-11.250224
VTR1Aa.tr2_37	-123.681962	-128.301894	-9.23986400000001
VTR1Aa.tr2_380	-128.079949	-132.602337	-9.04477600000001
VTR1Aa.tr2_388	-120.31291	-124.178502	-7.73118399999998
VTR1Aa.tr2_38	-140.448766	-198.002755	-115.107978
VTR1Aa.tr2_393	-114.905039	-120.081252	-10.352426
VTR1Aa.tr2_395	-114.619377	-119.55994	-9.88112599999999
VTR1Aa.tr2_397	-119.862757	-124.94587	-10.166226
VTR1Aa.tr2_399	-114.841019	-119.938935	-10.195832
VTR1Aa.tr2_39	-124.791341	-130.140594	-10.698506
VTR1Aa.tr2_3	-132.699425	-142.093947	-18.789044
VTR1Aa.tr2_403	-128.493629	-134.110417	-11.233576
VTR1Aa.tr2_413	-124.371115	-128.407421	-8.07261199999999
VTR1Aa.tr2_415	-131.209458	-135.916144	-9.41337199999998
VTR1Aa.tr2_416	-125.11571	-128.6863	-7.14117999999996
VTR1Aa.tr2_417	-123.619482	-127.894945	-8.550926
VTR1Aa.tr2_419	-127.779606	-131.470285	-7.38135799999998
VTR1Aa.tr2_41	-114.686094	-120.435468	-11.498748
VTR1Aa.tr2_420	-119.896331	-124.678535	-9.56440799999999
VTR1Aa.tr2_429	-137.575869	-147.814743	-20.477748
VTR1Aa.tr2_4	-134.121135	-223.683466	-179.124662
VTR1Aa.tr2_50	-120.076396	-125.406934	-10.661076
VTR1Aa.tr2_5	-123.613913	-128.7182	-10.208574
VTR1Aa.tr2_65	-119.635423	-125.43584	-11.600834
VTR1Aa.tr2_68	-119.86582	-124.448201	-9.164762
VTR1Aa.tr2_71	-114.793939	-121.080973	-12.574068
VTR1Aa.tr2_92	-124.340491	-129.284494	-9.88800599999999
VTR1Ab_10	-114.383703	-120.277506	-11.787606
VTR1Ab_11	-124.543649	-129.803236	-10.519174
VTR1Ab_129	-120.631276	-124.485259	-7.707966
VTR1Ab_12	-114.614623	-119.404765	-9.58028400000001
VTR1Ab_137	-119.745395	-124.693762	-9.89673400000001
VTR1Ab_13	-127.772766	-132.918008	-10.290484
VTR1Ab_141	-131.241674	-139.363648	-16.243948
VTR1Ab_149	-115.156883	-120.155058	-9.99635000000001
VTR1Ab_152	-119.645318	-125.429771	-11.568906
VTR1Ab_158	-120.426121	-125.139659	-9.427076
VTR1Ab_162	-114.861247	-120.269412	-10.81633
VTR1Ab_163	-120.566382	-124.90575	-8.67873599999999
VTR1Ab_174	-123.637463	-129.720367	-12.165808
VTR1Ab_185	-131.723343	-135.625558	-7.80443000000002
VTR1Ab_186	-120.085692	-124.798074	-9.42476400000001
VTR1Ab_18	-114.815692	-119.989664	-10.347944
VTR1Ab_198	-119.675214	-124.999258	-10.648088
VTR1Ab_19	-119.875182	-124.29904	-8.84771600000002
VTR1Ab_207	-114.83259	-119.204443	-8.743706
VTR1Ab_20	-119.874035	-125.807145	-11.86622
VTR1Ab_211	-120.273774	-124.733585	-8.919622
VTR1Ab_213	-120.496834	-125.947217	-10.900766
VTR1Ab_216	-118.931077	-123.691187	-9.52021999999999
VTR1Ab_221	-137.444544	-144.616762	-14.344436
VTR1Ab_223	-114.078266	-119.286319	-10.416106
VTR1Ab_224	-133.002873	-140.977048	-15.94835
VTR1Ab_22	-114.449354	-119.509445	-10.120182
VTR1Ab_231	-119.433787	-125.902463	-12.937352
VTR1Ab_235	-119.905573	-124.008958	-8.20677000000001
VTR1Ab_243	-132.269206	-137.298903	-10.059394
VTR1Ab_252	-119.933618	-124.927986	-9.98873600000002
VTR1Ab_253	-119.300494	-124.370204	-10.13942
VTR1Ab_254	-123.641006	-127.741965	-8.20191799999998
VTR1Ab_25	-119.523439	-125.096373	-11.145868
VTR1Ab_263	-119.775633	-124.341928	-9.13258999999999
VTR1Ab_27	-114.845924	-119.651144	-9.61044000000001
VTR1Ab_283	-119.796446	-124.695597	-9.79830200000001
VTR1Ab_28	-141.860062	-148.48628	-13.252436
VTR1Ab_2	-131.209613	-138.750279	-15.081332
VTR1Ab_30	-124.240216	-128.935178	-9.38992400000001
VTR1Ab_31	-114.4094	-119.084683	-9.35056599999999
VTR1Ab_344	-119.779757	-125.060804	-10.562094
VTR1Ab_345	-143.344083	-148.718538	-10.74891
VTR1Ab_356	-127.848788	-133.761136	-11.824696
VTR1Ab_358	-133.993768	-144.738902	-21.490268
VTR1Ab_359	-134.122154	-144.9561	-21.667892
VTR1Ab_361	-119.627614	-124.583316	-9.911404
VTR1Ab_368	-127.81977	-133.607575	-11.57561
VTR1Ab_371	-119.790809	-124.938387	-10.295156
VTR1Ab_375	-113.259936	-118.305294	-10.090716
VTR1Ab_380	-120.02712	-125.16511	-10.27598
VTR1Ab_382	-114.828322	-119.910832	-10.16502
VTR1Ab_384	-119.118838	-124.099656	-9.961636
VTR1Ab_387	-114.279107	-119.511874	-10.465534
VTR1Ab_388	-148.228689	-156.76526	-17.073142
VTR1Ab_389	-134.620809	-145.228143	-21.214668
VTR1Ab_390	-115.377761	-120.023061	-9.29059999999998
VTR1Ab_391	-119.646422	-124.72729	-10.161736
VTR1Ab_394	-119.709915	-124.145957	-8.872084
VTR1Ab_395	-136.502581	-143.305424	-13.605686
VTR1Ab_396	-140.831522	-150.495882	-19.32872
VTR1Ab_398	-114.422159	-120.40797	-11.971622
VTR1Ab_3	-119.418556	-124.446499	-10.055886
VTR1Ab_400	-133.820432	-223.679456	-179.718048
VTR1Ab_4	-114.589667	-121.326116	-13.472898
VTR1Ab_53	-120.033766	-124.87148	-9.67542800000001
VTR1Ab_64	-123.745227	-131.113519	-14.736584
VTR1Ab_65	-124.313901	-130.204857	-11.781912
VTR1Ab_66	-119.862572	-124.418548	-9.111952
VTR1Ab_68	-140.853046	-151.148406	-20.59072
VTR1Ab_69	-119.977329	-126.256617	-12.558576
VTR1Ab_6	-119.552923	-125.499765	-11.893684
VTR1Ab_70	-114.566612	-120.058345	-10.983466
VTR1Ab_79	-121.219449	-125.351771	-8.264644
VTR1Ab_82	-115.083014	-119.824258	-9.48248799999999
VTR2Aa_13	-124.482183	-128.675701	-8.38703599999999
VTR2Aa_144	-137.99212	-141.447983	-6.91172599999999
VTR2Aa_149	-114.866821	-119.94256	-10.151478
VTR2Aa_152	-134.147097	-140.021437	-11.74868
VTR2Aa_17	-120.471144	-126.323381	-11.704474
VTR2Aa_187	-114.719729	-119.343356	-9.247254
VTR2Aa_189	-128.186172	-132.679518	-8.98669200000001
VTR2Aa_199	-160.579581	-171.097757	-21.036352
VTR2Aa_203	-114.381158	-126.751018	-24.73972
VTR2Aa_20	-131.479346	-139.749302	-16.539912
VTR2Aa_238	-114.528711	-119.124871	-9.19232
VTR2Aa_244	-135.014173	-141.970166	-13.911986
VTR2Aa_247	-123.945871	-128.796911	-9.70208
VTR2Aa_24	-120.118897	-124.907247	-9.57669999999999
VTR2Aa_251	-121.304983	-126.069054	-9.528142
VTR2Aa_252	-119.77697	-124.664423	-9.77490599999999
VTR2Aa_262	-115.118695	-119.445872	-8.65435399999998
VTR2Aa_266	-119.949223	-124.926689	-9.95493199999999
VTR2Aa_275	-131.97977	-142.31642	-20.6733
VTR2Aa_277	-136.959347	-144.098862	-14.27903
VTR2Aa_284	-115.171022	-119.589937	-8.83783000000003
VTR2Aa_292	-119.798547	-124.441818	-9.286542
VTR2Aa_295	-114.835754	-120.020135	-10.368762
VTR2Aa_296	-133.368557	-143.209309	-19.681504
VTR2Aa_297	-120.269674	-125.614467	-10.689586
VTR2Aa_29	-114.483548	-119.880741	-10.794386
VTR2Aa_300	-119.911382	-124.361608	-8.900452
VTR2Aa_305	-120.087674	-124.958384	-9.74141999999998
VTR2Aa_308	-134.871357	-145.404631	-21.066548
VTR2Aa_312	-128.429921	-131.812611	-6.76537999999999
VTR2Aa_314	-162.981724	-172.951126	-19.9388039999999
VTR2Aa_316	-131.686003	-139.743503	-16.115
VTR2Aa_320	-120.168837	-125.363813	-10.389952
VTR2Aa_322	-120.886704	-125.094325	-8.41524200000001
VTR2Aa_325	-114.534103	-119.193021	-9.317836
VTR2Aa_332	-119.65427	-123.809319	-8.31009800000001
VTR2Aa_333	-114.909205	-119.042656	-8.26690199999999
VTR2Aa_334	-127.968449	-132.890092	-9.84328600000001
VTR2Aa_336	-120.601201	-124.115413	-7.028424
VTR2Aa_338	-131.286757	-137.886088	-13.198662
VTR2Aa_340	-114.835896	-119.883257	-10.094722
VTR2Aa_341	-123.851715	-130.491657	-13.279884
VTR2Aa_343	-128.01996	-132.559825	-9.07972999999998
VTR2Aa_347	-114.554528	-119.071479	-9.03390199999998
VTR2Aa_348	-138.189512	-143.512697	-10.64637
VTR2Aa_351	-127.842253	-133.871024	-12.057542
VTR2Aa_352	-114.321228	-120.428553	-12.21465
VTR2Aa_357	-113.992753	-120.041437	-12.097368
VTR2Aa_361	-115.216911	-119.846733	-9.25964400000001
VTR2Aa_362	-114.718172	-119.871208	-10.306072
VTR2Aa_363	-160.879217	-170.89418	-20.029926
VTR2Aa_364	-119.857413	-125.715404	-11.715982
VTR2Aa_365	-131.835274	-141.816701	-19.962854
VTR2Aa_369	-138.659863	-137.39804	2.52364599999999
VTR2Aa_36	-120.327556	-125.918648	-11.182184
VTR2Aa_371	-135.184411	-141.778662	-13.188502
VTR2Aa_372	-115.156406	-119.219868	-8.126924
VTR2Aa_374	-115.023281	-119.363461	-8.68036000000001
VTR2Aa_377	-135.997042	-138.584089	-5.17409400000003
VTR2Aa_37	-120.148935	-124.508291	-8.71871200000001
VTR2Aa_380	-119.697852	-124.797148	-10.198592
VTR2Aa_383	-115.17761	-120.345291	-10.335362
VTR2Aa_389	-127.966314	-133.27836	-10.624092
VTR2Aa_390	-119.536558	-125.686745	-12.300374
VTR2Aa_392	-134.804884	-142.627263	-15.644758
VTR2Aa_393	-123.955807	-128.310976	-8.71033800000004
VTR2Aa_395	-124.045968	-129.106711	-10.121486
VTR2Aa_41	-119.966479	-124.351271	-8.76958399999998
VTR2Aa_438	-114.761285	-119.419467	-9.31636399999999
VTR2Aa_449	-115.547884	-119.693354	-8.29094000000001
VTR2Aa_473	-114.7326	-119.534824	-9.60444799999999
VTR2Aa_480	-124.303549	-127.981646	-7.35619399999999
VTR2Aa_485	-138.470906	-147.107202	-17.272592
VTR2Aa_498	-124.420206	-129.26462	-9.68882800000003
VTR2Aa_499	-124.260673	-129.557976	-10.594606
VTR2Aa_500	-123.488793	-129.826912	-12.676238
VTR2Aa_501	-123.874481	-129.214096	-10.67923
VTR2Aa_502	-124.389977	-129.095656	-9.41135799999998
VTR2Aa_506	-114.983133	-119.645259	-9.324252
VTR2Aa_508	-124.337726	-128.685893	-8.69633399999998
VTR2Aa_57	-130.039744	-138.366076	-16.652664
VTR2Aa_58	-114.797359	-119.476345	-9.35797199999999
VTR2Aa_60	-120.020025	-124.83641	-9.63276999999999
VTR2Aa_61	-145.824849	-158.736093	-25.822488
VTR2Aa_62	-114.565026	-120.111687	-11.093322
VTR2Aa_67	-120.303639	-125.128777	-9.65027599999999
VTR2Aa_70	-130.345684	-137.881117	-15.070866
VTR2Aa_71	-120.150014	-125.259101	-10.218174
VTR2Aa_74	-114.883034	-119.229427	-8.69278600000001
VTR2Aa_78	-138.363163	-143.104752	-9.48317800000001
VTR2Ab.tr1_102	-131.481695	-140.173281	-17.383172
VTR2Ab.tr1_104	-132.469366	-138.099329	-11.259926
VTR2Ab.tr1_11	-128.106029	-131.524225	-6.83639199999999
VTR2Ab.tr1_127	-134.274234	-170.891848	-73.235228
VTR2Ab.tr1_13	-133.544732	-146.82364	-26.557816
VTR2Ab.tr1_148	-120.038084	-124.879489	-9.68281000000002
VTR2Ab.tr1_150	-119.544957	-125.070057	-11.0502
VTR2Ab.tr1_151	-114.649079	-118.767017	-8.23587599999999
VTR2Ab.tr1_155	-120.182048	-124.415018	-8.46594000000002
VTR2Ab.tr1_156	-145.170931	-151.035666	-11.72947
VTR2Ab.tr1_158	-133.826641	-140.063632	-12.473982
VTR2Ab.tr1_159	-140.104089	-145.396589	-10.585
VTR2Ab.tr1_15	-117.587194	-123.059574	-10.94476
VTR2Ab.tr1_163	-131.148621	-139.333333	-16.369424
VTR2Ab.tr1_16	-118.479193	-123.55129	-10.144194
VTR2Ab.tr1_17	-127.921815	-134.396901	-12.950172
VTR2Ab.tr1_18	-120.37107	-125.324053	-9.90596600000001
VTR2Ab.tr1_191	-114.491662	-119.754072	-10.52482
VTR2Ab.tr1_19	-133.935331	-150.82927	-33.787878
VTR2Ab.tr1_206	-120.825454	-124.806658	-7.96240800000001
VTR2Ab.tr1_207	-114.34008	-120.074771	-11.469382
VTR2Ab.tr1_211	-141.394072	-221.908418	-161.028692
VTR2Ab.tr1_212	-119.944964	-124.595994	-9.30206000000001
VTR2Ab.tr1_216	-119.710331	-124.923962	-10.427262
VTR2Ab.tr1_219	-120.243495	-123.499137	-6.51128400000002
VTR2Ab.tr1_226	-119.67016	-124.738345	-10.13637
VTR2Ab.tr1_237	-125.17274	-129.454582	-8.56368399999997
VTR2Ab.tr1_238	-115.336078	-119.707155	-8.742154
VTR2Ab.tr1_240	-120.201984	-125.604195	-10.804422
VTR2Ab.tr1_241	-134.326686	-143.942392	-19.231412
VTR2Ab.tr1_243	-117.234326	-123.098516	-11.72838
VTR2Ab.tr1_247	-114.968868	-120.593803	-11.24987
VTR2Ab.tr1_24	-124.274025	-128.527452	-8.50685400000003
VTR2Ab.tr1_252	-112.70635	-117.751273	-10.089846
VTR2Ab.tr1_255	-131.250179	-139.908705	-17.317052
VTR2Ab.tr1_258	-173.665551	-199.119561	-50.90802
VTR2Ab.tr1_259	-124.577226	-130.018441	-10.88243
VTR2Ab.tr1_260	-120.333362	-124.787128	-8.907532
VTR2Ab.tr1_261	-124.136115	-129.256759	-10.241288
VTR2Ab.tr1_262	-158.931543	-175.035639	-32.208192
VTR2Ab.tr1_268	-123.966709	-128.731451	-9.529484
VTR2Ab.tr1_270	-114.655323	-120.27816	-11.245674
VTR2Ab.tr1_272	-131.255116	-137.493418	-12.476604
VTR2Ab.tr1_273	-114.500108	-120.219212	-11.438208
VTR2Ab.tr1_274	-119.313836	-124.996664	-11.365656
VTR2Ab.tr1_275	-155.532416	-163.774625	-16.4844179999999
VTR2Ab.tr1_279	-119.970397	-124.69326	-9.44572599999998
VTR2Ab.tr1_281	-120.451918	-124.599803	-8.29576999999998
VTR2Ab.tr1_283	-142.811987	-152.297479	-18.970984
VTR2Ab.tr1_286	-138.537138	-145.717264	-14.360252
VTR2Ab.tr1_287	-138.49137	-145.013659	-13.044578
VTR2Ab.tr1_288	-162.049001	-167.775606	-11.45321
VTR2Ab.tr1_290	-114.868761	-120.087518	-10.437514
VTR2Ab.tr1_299	-141.526969	-212.695773	-142.337608
VTR2Ab.tr1_29	-120.051212	-125.358871	-10.615318
VTR2Ab.tr1_300	-131.604476	-141.76218	-20.315408
VTR2Ab.tr1_301	-123.671053	-129.804468	-12.26683
VTR2Ab.tr1_302	-125.15196	-129.988489	-9.67305799999997
VTR2Ab.tr1_304	-141.369085	-146.204981	-9.67179199999998
VTR2Ab.tr1_307	-118.890618	-123.841702	-9.90216799999999
VTR2Ab.tr1_30	-133.72307	-140.220238	-12.994336
VTR2Ab.tr1_312	-120.796002	-125.877416	-10.162828
VTR2Ab.tr1_315	-123.87593	-128.219375	-8.68689000000003
VTR2Ab.tr1_317	-180.063351	-194.828158	-29.529614
VTR2Ab.tr1_319	-142.407472	-149.493844	-14.172744
VTR2Ab.tr1_323	-138.35495	-144.596335	-12.48277
VTR2Ab.tr1_325	-124.056697	-128.518138	-8.92288199999999
VTR2Ab.tr1_335	-137.88451	-147.678561	-19.588102
VTR2Ab.tr1_336	-119.815602	-124.519012	-9.40682000000001
VTR2Ab.tr1_339	-119.926067	-124.645787	-9.43943999999999
VTR2Ab.tr1_343	-128.495578	-133.716769	-10.442382
VTR2Ab.tr1_344	-115.089876	-118.676251	-7.17274999999998
VTR2Ab.tr1_347	-132.291547	-135.024351	-5.46560799999997
VTR2Ab.tr1_34	-120.156517	-125.327131	-10.341228
VTR2Ab.tr1_352	-119.588952	-124.637171	-10.096438
VTR2Ab.tr1_356	-142.308939	-151.687907	-18.757936
VTR2Ab.tr1_35	-114.636237	-120.277607	-11.28274
VTR2Ab.tr1_363	-128.317766	-133.300816	-9.96609999999998
VTR2Ab.tr1_43	-119.880422	-124.526848	-9.29285200000001
VTR2Ab.tr1_49	-114.942822	-119.829466	-9.77328799999998
VTR2Ab.tr1_4	-114.085891	-120.244099	-12.316416
VTR2Ab.tr1_53	-120.048697	-124.440489	-8.78358399999999
VTR2Ab.tr1_68	-131.701813	-134.471666	-5.53970600000002
VTR2Ab.tr1_6	-119.534861	-124.720014	-10.370306
VTR2Ab.tr1_9	-120.567757	-124.340417	-7.54532
VTR2Ab.tr2_102	-131.880348	-139.45745	-15.154204
VTR2Ab.tr2_104	-131.951093	-136.239264	-8.57634200000001
VTR2Ab.tr2_11	-127.128851	-132.507762	-10.757822
VTR2Ab.tr2_127	-133.712655	-146.779017	-26.132724
VTR2Ab.tr2_13	-133.538486	-192.466166	-117.85536
VTR2Ab.tr2_148	-119.523991	-124.64343	-10.238878
VTR2Ab.tr2_150	-120.039805	-126.22443	-12.36925
VTR2Ab.tr2_151	-114.919346	-121.12242	-12.406148
VTR2Ab.tr2_155	-119.721546	-124.311786	-9.18047999999999
VTR2Ab.tr2_156	-145.329395	-150.829496	-11.000202
VTR2Ab.tr2_158	-134.414382	-139.844928	-10.861092
VTR2Ab.tr2_159	-139.769659	-144.643967	-9.74861600000003
VTR2Ab.tr2_15	-116.260987	-121.005793	-9.48961199999999
VTR2Ab.tr2_163	-131.456137	-139.172306	-15.432338
VTR2Ab.tr2_16	-118.509841	-124.427676	-11.83567
VTR2Ab.tr2_17	-128.503691	-134.213997	-11.420612
VTR2Ab.tr2_18	-119.353824	-124.79103	-10.874412
VTR2Ab.tr2_191	-115.084131	-120.293942	-10.419622
VTR2Ab.tr2_19	-134.28317	-146.740011	-24.913682
VTR2Ab.tr2_206	-119.533351	-125.3154	-11.564098
VTR2Ab.tr2_207	-115.079067	-119.467077	-8.77602000000002
VTR2Ab.tr2_211	-142.870661	-177.257714	-68.774106
VTR2Ab.tr2_212	-119.718042	-124.045505	-8.65492600000002
VTR2Ab.tr2_216	-120.161667	-125.716095	-11.108856
VTR2Ab.tr2_219	-120.070278	-124.111307	-8.08205799999999
VTR2Ab.tr2_226	-119.809979	-124.913248	-10.206538
VTR2Ab.tr2_237	-124.902283	-129.860776	-9.91698599999998
VTR2Ab.tr2_238	-114.620325	-119.869688	-10.498726
VTR2Ab.tr2_240	-119.866244	-124.806783	-9.881078
VTR2Ab.tr2_241	-133.052227	-140.199322	-14.29419
VTR2Ab.tr2_243	-117.077485	-123.175881	-12.196792
VTR2Ab.tr2_247	-114.766721	-120.594055	-11.654668
VTR2Ab.tr2_24	-124.093715	-128.383134	-8.57883800000002
VTR2Ab.tr2_252	-112.96585	-117.990398	-10.049096
VTR2Ab.tr2_255	-130.601167	-140.191956	-19.181578
VTR2Ab.tr2_258	-172.246063	-179.195961	-13.899796
VTR2Ab.tr2_259	-124.310235	-129.552135	-10.4838
VTR2Ab.tr2_260	-119.356709	-125.506047	-12.298676
VTR2Ab.tr2_261	-124.202739	-128.832883	-9.26028800000003
VTR2Ab.tr2_262	-159.469796	-168.477114	-18.014636
VTR2Ab.tr2_268	-123.780036	-130.588544	-13.617016
VTR2Ab.tr2_270	-114.62521	-121.563636	-13.876852
VTR2Ab.tr2_272	-131.691799	-135.997443	-8.611288
VTR2Ab.tr2_273	-114.927879	-118.948401	-8.041044
VTR2Ab.tr2_274	-120.930186	-124.293845	-6.727318
VTR2Ab.tr2_275	-155.30507	-164.62425	-18.63836
VTR2Ab.tr2_279	-119.537592	-124.881773	-10.688362
VTR2Ab.tr2_281	-119.784395	-125.439915	-11.31104
VTR2Ab.tr2_283	-142.974236	-151.897318	-17.846164
VTR2Ab.tr2_286	-139.447126	-147.410246	-15.92624
VTR2Ab.tr2_287	-137.339709	-145.912666	-17.145914
VTR2Ab.tr2_288	-163.133627	-222.247622	-118.22799
VTR2Ab.tr2_290	-115.061456	-120.573438	-11.023964
VTR2Ab.tr2_298	-131.436237	-134.091602	-5.31072999999998
VTR2Ab.tr2_29	-120.020974	-124.93698	-9.83201200000002
VTR2Ab.tr2_301	-114.868628	-120.341446	-10.945636
VTR2Ab.tr2_302	-131.689848	-139.870808	-16.36192
VTR2Ab.tr2_306	-119.890906	-125.534604	-11.287396
VTR2Ab.tr2_309	-119.216023	-124.151961	-9.87187599999999
VTR2Ab.tr2_30	-133.885882	-140.522251	-13.272738
VTR2Ab.tr2_312	-119.606269	-126.119938	-13.027338
VTR2Ab.tr2_313	-119.905868	-125.187547	-10.563358
VTR2Ab.tr2_314	-119.956156	-124.22372	-8.53512800000001
VTR2Ab.tr2_321	-133.745725	-146.922884	-26.354318
VTR2Ab.tr2_345	-128.813857	-132.735018	-7.84232199999997
VTR2Ab.tr2_349	-132.371516	-136.080523	-7.41801399999997
VTR2Ab.tr2_34	-119.904314	-124.799698	-9.79076800000001
VTR2Ab.tr2_35	-115.443512	-120.416848	-9.94667200000001
VTR2Ab.tr2_365	-115.432416	-119.269737	-7.67464200000001
VTR2Ab.tr2_366	-115.087422	-119.691413	-9.20798199999999
VTR2Ab.tr2_369	-120.207199	-124.879496	-9.344594
VTR2Ab.tr2_372	-124.495946	-128.406762	-7.82163199999997
VTR2Ab.tr2_373	-133.956354	-224.950928	-181.989148
VTR2Ab.tr2_377	-119.933007	-124.475063	-9.084112
VTR2Ab.tr2_399	-120.123031	-124.47811	-8.71015800000001
VTR2Ab.tr2_401	-120.563321	-124.850174	-8.57370599999999
VTR2Ab.tr2_404	-130.855481	-138.96242	-16.213878
VTR2Ab.tr2_408	-119.827053	-125.41378	-11.173454
VTR2Ab.tr2_411	-139.822367	-148.958898	-18.273062
VTR2Ab.tr2_412	-119.799104	-125.640487	-11.682766
VTR2Ab.tr2_413	-119.337478	-125.961142	-13.247328
VTR2Ab.tr2_414	-133.851142	-141.45483	-15.207376
VTR2Ab.tr2_419	-124.335968	-129.922936	-11.173936
VTR2Ab.tr2_422	-119.968064	-123.9494	-7.962672
VTR2Ab.tr2_424	-115.182956	-120.683299	-11.000686
VTR2Ab.tr2_425	-155.096914	-162.41533	-14.636832
VTR2Ab.tr2_43	-119.569315	-125.181701	-11.224772
VTR2Ab.tr2_49	-114.930266	-119.48596	-9.11138800000001
VTR2Ab.tr2_4	-114.506943	-120.330204	-11.646522
VTR2Ab.tr2_53	-120.474347	-125.507177	-10.06566
VTR2Ab.tr2_68	-131.65759	-136.354198	-9.393216
VTR2Ab.tr2_6	-119.663594	-124.003847	-8.68050599999998
VTR2Ab.tr2_9	-120.150018	-125.168871	-10.037706
VTR2Ab.tr3_102	-131.606668	-139.97381	-16.7342839999999
VTR2Ab.tr3_104	-132.972298	-137.763449	-9.58230200000003
VTR2Ab.tr3_11	-128.152991	-131.454374	-6.60276600000003
VTR2Ab.tr3_127	-133.502387	-145.538487	-24.0722
VTR2Ab.tr3_13	-134.18914	-143.688595	-18.99891
VTR2Ab.tr3_148	-119.872328	-125.362447	-10.980238
VTR2Ab.tr3_150	-119.898611	-125.875045	-11.952868
VTR2Ab.tr3_151	-114.902621	-119.919179	-10.033116
VTR2Ab.tr3_155	-119.405888	-124.08406	-9.35634399999998
VTR2Ab.tr3_156	-145.280567	-150.021154	-9.48117400000001
VTR2Ab.tr3_158	-133.732268	-140.809823	-14.15511
VTR2Ab.tr3_159	-140.260747	-145.432189	-10.342884
VTR2Ab.tr3_15	-116.291989	-120.652398	-8.72081800000001
VTR2Ab.tr3_163	-132.212171	-139.271938	-14.119534
VTR2Ab.tr3_16	-118.48754	-124.032297	-11.089514
VTR2Ab.tr3_17	-127.994041	-134.260516	-12.53295
VTR2Ab.tr3_18	-119.976789	-124.48361	-9.013642
VTR2Ab.tr3_191	-114.537556	-120.305747	-11.536382
VTR2Ab.tr3_19	-133.67153	-151.971305	-36.59955
VTR2Ab.tr3_206	-119.487952	-125.033265	-11.090626
VTR2Ab.tr3_207	-114.91415	-119.222738	-8.617176
VTR2Ab.tr3_211	-142.349646	-203.155648	-121.612004
VTR2Ab.tr3_212	-119.873707	-124.750476	-9.75353800000002
VTR2Ab.tr3_216	-119.95595	-124.663981	-9.41606200000001
VTR2Ab.tr3_219	-119.71791	-126.492468	-13.549116
VTR2Ab.tr3_226	-119.951959	-124.946248	-9.98857799999999
VTR2Ab.tr3_237	-124.49626	-129.079007	-9.16549399999997
VTR2Ab.tr3_238	-114.819834	-120.07053	-10.501392
VTR2Ab.tr3_240	-119.962414	-124.121773	-8.31871800000002
VTR2Ab.tr3_241	-132.963843	-140.792276	-15.656866
VTR2Ab.tr3_243	-118.193376	-122.35594	-8.32512800000001
VTR2Ab.tr3_247	-115.025033	-119.493081	-8.93609600000002
VTR2Ab.tr3_24	-124.397977	-129.212132	-9.62831
VTR2Ab.tr3_252	-113.295054	-117.48992	-8.38973200000001
VTR2Ab.tr3_255	-130.117112	-138.695082	-17.15594
VTR2Ab.tr3_258	-169.666477	-177.285425	-15.237896
VTR2Ab.tr3_259	-123.89876	-129.272867	-10.748214
VTR2Ab.tr3_260	-119.703998	-124.934324	-10.460652
VTR2Ab.tr3_261	-123.891753	-130.399262	-13.015018
VTR2Ab.tr3_262	-162.807072	-174.583269	-23.552394
VTR2Ab.tr3_268	-124.669588	-129.219108	-9.09904
VTR2Ab.tr3_270	-114.318915	-119.324868	-10.011906
VTR2Ab.tr3_272	-131.184105	-136.098311	-9.82841200000001
VTR2Ab.tr3_273	-114.912008	-119.268856	-8.713696
VTR2Ab.tr3_274	-119.569153	-125.069811	-11.001316
VTR2Ab.tr3_275	-155.809701	-165.058849	-18.498296
VTR2Ab.tr3_279	-120.416583	-124.575016	-8.316866
VTR2Ab.tr3_281	-119.398744	-124.642138	-10.486788
VTR2Ab.tr3_283	-142.518497	-150.315195	-15.593396
VTR2Ab.tr3_286	-139.472988	-147.153801	-15.361626
VTR2Ab.tr3_287	-138.774573	-144.476078	-11.40301
VTR2Ab.tr3_288	-161.845587	-222.266358	-120.841542
VTR2Ab.tr3_290	-114.848462	-119.319698	-8.94247200000001
VTR2Ab.tr3_298	-130.963906	-134.873133	-7.81845399999997
VTR2Ab.tr3_29	-120.472241	-124.344934	-7.745386
VTR2Ab.tr3_301	-114.7383	-120.319755	-11.16291
VTR2Ab.tr3_302	-130.879304	-143.204887	-24.651166
VTR2Ab.tr3_306	-119.872948	-124.740671	-9.73544600000002
VTR2Ab.tr3_309	-118.843417	-123.318628	-8.950422
VTR2Ab.tr3_30	-134.487146	-140.168196	-11.3621
VTR2Ab.tr3_312	-120.229269	-124.332229	-8.20591999999999
VTR2Ab.tr3_313	-120.483036	-124.928119	-8.89016599999999
VTR2Ab.tr3_314	-119.888994	-123.522928	-7.26786799999999
VTR2Ab.tr3_321	-134.30788	-147.38339	-26.15102
VTR2Ab.tr3_345	-128.240225	-132.429595	-8.37873999999999
VTR2Ab.tr3_349	-131.538397	-134.90854	-6.74028599999997
VTR2Ab.tr3_34	-120.790615	-124.770224	-7.95921799999999
VTR2Ab.tr3_35	-114.389669	-119.244971	-9.71060400000002
VTR2Ab.tr3_365	-115.308215	-119.279723	-7.943016
VTR2Ab.tr3_366	-114.335084	-120.462377	-12.254586
VTR2Ab.tr3_369	-120.57852	-125.155572	-9.15410400000002
VTR2Ab.tr3_373	-119.904198	-125.861283	-11.91417
VTR2Ab.tr3_374	-119.962063	-123.79127	-7.65841399999999
VTR2Ab.tr3_376	-140.629292	-146.576831	-11.895078
VTR2Ab.tr3_377	-149.699372	-153.976048	-8.55335199999996
VTR2Ab.tr3_378	-149.338243	-154.706457	-10.736428
VTR2Ab.tr3_379	-149.669621	-155.165477	-10.991712
VTR2Ab.tr3_380	-132.855413	-143.917673	-22.12452
VTR2Ab.tr3_381	-149.594161	-154.115309	-9.04229599999996
VTR2Ab.tr3_382	-150.116016	-154.609986	-8.98793999999998
VTR2Ab.tr3_383	-149.775979	-156.167999	-12.78404
VTR2Ab.tr3_43	-119.616624	-125.307081	-11.380914
VTR2Ab.tr3_49	-114.799393	-119.008937	-8.41908800000002
VTR2Ab.tr3_4	-115.062836	-119.346705	-8.56773799999999
VTR2Ab.tr3_53	-119.426915	-124.961979	-11.070128
VTR2Ab.tr3_68	-132.225431	-135.52853	-6.60619800000001
VTR2Ab.tr3_6	-119.395182	-123.389598	-7.988832
VTR2Ab.tr3_9	-119.705375	-123.700022	-7.989294
VTR2Ba_103	-120.060294	-123.139983	-6.159378
VTR2Ba_114	-124.386396	-129.994717	-11.216642
VTR2Ba_116	-119.841885	-124.486308	-9.28884599999998
VTR2Ba_118	-114.783246	-119.768835	-9.97117799999998
VTR2Ba_11	-114.659066	-120.051524	-10.784916
VTR2Ba_13	-114.381845	-120.115114	-11.466538
VTR2Ba_146	-114.889887	-119.26847	-8.75716599999998
VTR2Ba_14	-139.599427	-150.680877	-22.1629
VTR2Ba_154	-119.760878	-124.512541	-9.50332599999999
VTR2Ba_157	-115.208544	-119.143914	-7.87073999999998
VTR2Ba_158	-119.191703	-124.192106	-10.000806
VTR2Ba_15	-114.870545	-119.446301	-9.151512
VTR2Ba_165	-123.923893	-129.784627	-11.721468
VTR2Ba_16	-110.679034	-115.858682	-10.359296
VTR2Ba_172	-114.586588	-119.962665	-10.752154
VTR2Ba_17	-137.667412	-147.291899	-19.248974
VTR2Ba_188	-114.5623	-119.718036	-10.311472
VTR2Ba_18	-123.853291	-129.266785	-10.826988
VTR2Ba_190	-135.403477	-140.023916	-9.24087800000001
VTR2Ba_192	-114.784828	-120.577988	-11.58632
VTR2Ba_198	-120.39796	-124.945061	-9.094202
VTR2Ba_199	-119.518118	-125.262792	-11.489348
VTR2Ba_19	-115.070624	-119.551625	-8.96200200000001
VTR2Ba_204	-114.519135	-119.470222	-9.902174
VTR2Ba_205	-114.582504	-119.571512	-9.978016
VTR2Ba_209	-119.286464	-124.798145	-11.023362
VTR2Ba_216	-120.056896	-124.67285	-9.231908
VTR2Ba_217	-120.009423	-123.828566	-7.63828599999999
VTR2Ba_21	-139.269674	-145.348425	-12.157502
VTR2Ba_224	-119.871553	-124.711197	-9.67928799999999
VTR2Ba_228	-124.353401	-128.840117	-8.97343199999997
VTR2Ba_22	-134.640855	-143.24084	-17.19997
VTR2Ba_230	-119.399462	-125.283725	-11.768526
VTR2Ba_231	-115.236843	-119.614292	-8.75489800000003
VTR2Ba_233	-114.812469	-120.047154	-10.46937
VTR2Ba_234	-127.965241	-133.565842	-11.201202
VTR2Ba_236	-127.520502	-131.699053	-8.357102
VTR2Ba_238	-135.548447	-141.270461	-11.444028
VTR2Ba_24	-119.838046	-124.092305	-8.50851799999998
VTR2Ba_255	-139.463683	-142.517969	-6.10857199999998
VTR2Ba_259	-137.029441	-147.026802	-19.994722
VTR2Ba_25	-118.988883	-123.04842	-8.11907399999998
VTR2Ba_261	-120.552028	-124.770869	-8.437682
VTR2Ba_263	-114.714069	-119.506917	-9.58569600000001
VTR2Ba_279	-133.893956	-184.656635	-101.525358
VTR2Ba_284	-114.752111	-119.842764	-10.181306
VTR2Ba_287	-115.191312	-120.37026	-10.357896
VTR2Ba_290	-133.095204	-149.795266	-33.400124
VTR2Ba_291	-119.370325	-126.7884	-14.83615
VTR2Ba_294	-115.226698	-120.359906	-10.266416
VTR2Ba_29	-132.197077	-137.378229	-10.362304
VTR2Ba_300	-127.821336	-132.132903	-8.62313399999999
VTR2Ba_30	-119.869875	-125.311385	-10.88302
VTR2Ba_315	-115.140017	-121.15603	-12.032026
VTR2Ba_318	-115.150557	-119.664094	-9.027074
VTR2Ba_319	-136.320996	-148.127339	-23.612686
VTR2Ba_321	-124.105557	-128.945553	-9.67999199999997
VTR2Ba_323	-124.667059	-129.09195	-8.849782
VTR2Ba_325	-114.567615	-120.420747	-11.706264
VTR2Ba_330	-131.966566	-140.47233	-17.011528
VTR2Ba_339	-115.354956	-119.99465	-9.27938799999998
VTR2Ba_33	-131.954018	-137.423286	-10.938536
VTR2Ba_340	-114.581127	-121.589755	-14.017256
VTR2Ba_342	-115.446236	-119.587417	-8.28236200000001
VTR2Ba_343	-119.697668	-124.286037	-9.176738
VTR2Ba_345	-124.558712	-128.952919	-8.78841400000002
VTR2Ba_351	-119.617516	-124.810919	-10.386806
VTR2Ba_356	-120.090995	-124.346766	-8.51154199999999
VTR2Ba_36	-114.462927	-119.478213	-10.030572
VTR2Ba_3	-123.336754	-128.255572	-9.837636
VTR2Ba_40	-119.72103	-124.870242	-10.298424
VTR2Ba_44	-114.588868	-120.343506	-11.509276
VTR2Ba_51	-114.984316	-120.108005	-10.247378
VTR2Ba_55	-119.876659	-124.418966	-9.08461399999999
VTR2Ba_59	-115.003813	-119.963982	-9.92033800000002
VTR2Ba_5	-132.680696	-140.287826	-15.21426
VTR2Ba_70	-124.357143	-130.29885	-11.883414
VTR2Ba_72	-120.169747	-124.476319	-8.61314400000001
VTR2Ba_87	-120.489404	-125.290616	-9.60242400000001
VTR2Ba_8	-120.281991	-124.83427	-9.104558
VTR2Ba_92	-114.822989	-120.252966	-10.859954
VTR2Bb.tr1_101	-120.170706	-125.445804	-10.550196
VTR2Bb.tr1_102	-114.910113	-119.526362	-9.23249800000002
VTR2Bb.tr1_104	-120.046171	-124.330802	-8.56926200000001
VTR2Bb.tr1_118	-114.458536	-119.297149	-9.67722600000002
VTR2Bb.tr1_119	-128.060842	-133.259954	-10.398224
VTR2Bb.tr1_135	-119.811966	-124.878999	-10.134066
VTR2Bb.tr1_136	-119.553496	-124.846296	-10.5856
VTR2Bb.tr1_144	-115.319465	-120.850418	-11.061906
VTR2Bb.tr1_147	-124.185395	-130.019337	-11.667884
VTR2Bb.tr1_14	-138.329996	-144.688172	-12.716352
VTR2Bb.tr1_150	-119.930729	-124.321766	-8.78207399999999
VTR2Bb.tr1_166	-124.195298	-128.401356	-8.412116
VTR2Bb.tr1_167	-119.543414	-126.426152	-13.765476
VTR2Bb.tr1_168	-120.319243	-124.588835	-8.53918400000001
VTR2Bb.tr1_169	-124.67208	-129.025372	-8.70658400000002
VTR2Bb.tr1_174	-124.206278	-128.670645	-8.92873400000002
VTR2Bb.tr1_176	-119.447679	-123.940832	-8.98630600000001
VTR2Bb.tr1_177	-114.96414	-119.608381	-9.28848199999999
VTR2Bb.tr1_17	-131.774041	-140.923787	-18.299492
VTR2Bb.tr1_180	-114.50665	-118.633126	-8.25295200000002
VTR2Bb.tr1_182	-114.775748	-119.590867	-9.63023800000002
VTR2Bb.tr1_18	-114.566154	-120.919434	-12.70656
VTR2Bb.tr1_198	-114.535682	-119.544252	-10.01714
VTR2Bb.tr1_200	-120.006947	-125.059874	-10.105854
VTR2Bb.tr1_205	-119.508175	-124.430108	-9.84386600000002
VTR2Bb.tr1_207	-119.688446	-125.684812	-11.992732
VTR2Bb.tr1_20	-119.84549	-123.70713	-7.72328000000002
VTR2Bb.tr1_21	-123.319921	-129.129167	-11.618492
VTR2Bb.tr1_227	-114.830046	-120.347704	-11.035316
VTR2Bb.tr1_228	-120.06787	-124.747131	-9.35852199999999
VTR2Bb.tr1_230	-119.65573	-124.454831	-9.59820199999999
VTR2Bb.tr1_231	-114.563348	-119.524269	-9.921842
VTR2Bb.tr1_232	-114.215152	-119.056018	-9.68173199999998
VTR2Bb.tr1_234	-114.284342	-119.448016	-10.327348
VTR2Bb.tr1_235	-119.616061	-124.162409	-9.09269599999999
VTR2Bb.tr1_243	-128.752006	-131.871456	-6.2389
VTR2Bb.tr1_249	-120.092227	-123.98829	-7.79212600000002
VTR2Bb.tr1_24	-114.752172	-120.72363	-11.942916
VTR2Bb.tr1_250	-124.462224	-129.435668	-9.94688799999997
VTR2Bb.tr1_251	-124.975587	-129.468577	-8.98598000000001
VTR2Bb.tr1_254	-114.562371	-119.438031	-9.75131999999999
VTR2Bb.tr1_256	-119.613144	-124.625364	-10.02444
VTR2Bb.tr1_259	-120.243209	-124.787548	-9.08867800000002
VTR2Bb.tr1_25	-119.493935	-124.156748	-9.325626
VTR2Bb.tr1_260	-152.251468	-161.464183	-18.42543
VTR2Bb.tr1_261	-125.012115	-129.581388	-9.13854600000002
VTR2Bb.tr1_263	-124.108913	-129.894883	-11.57194
VTR2Bb.tr1_268	-133.028251	-141.275679	-16.494856
VTR2Bb.tr1_26	-145.81812	-153.969377	-16.302514
VTR2Bb.tr1_271	-132.375438	-140.568985	-16.387094
VTR2Bb.tr1_272	-119.41089	-124.609928	-10.398076
VTR2Bb.tr1_27	-135.938154	-146.195649	-20.51499
VTR2Bb.tr1_283	-114.654653	-120.049214	-10.789122
VTR2Bb.tr1_284	-114.630076	-120.535391	-11.81063
VTR2Bb.tr1_285	-114.455986	-119.536575	-10.161178
VTR2Bb.tr1_286	-119.750453	-124.723898	-9.94689000000002
VTR2Bb.tr1_288	-119.813368	-124.829781	-10.032826
VTR2Bb.tr1_28	-119.545704	-124.908714	-10.72602
VTR2Bb.tr1_292	-119.655822	-124.481216	-9.65078800000001
VTR2Bb.tr1_29	-119.681455	-126.449503	-13.536096
VTR2Bb.tr1_2	-119.229346	-124.082375	-9.70605799999998
VTR2Bb.tr1_300	-136.642299	-140.596368	-7.90813800000001
VTR2Bb.tr1_309	-124.390311	-129.608894	-10.437166
VTR2Bb.tr1_312	-133.61057	-139.615437	-12.009734
VTR2Bb.tr1_315	-131.58125	-141.484741	-19.806982
VTR2Bb.tr1_316	-134.996635	-143.190761	-16.388252
VTR2Bb.tr1_324	-119.653111	-124.457431	-9.60864000000001
VTR2Bb.tr1_32	-114.668284	-119.26718	-9.19779199999999
VTR2Bb.tr1_336	-124.233693	-129.377198	-10.28701
VTR2Bb.tr1_341	-131.421078	-136.140178	-9.43819999999999
VTR2Bb.tr1_342	-124.555626	-128.898698	-8.68614399999998
VTR2Bb.tr1_345	-119.967973	-123.685065	-7.43418399999999
VTR2Bb.tr1_348	-135.356941	-141.770583	-12.827284
VTR2Bb.tr1_34	-114.313767	-119.406853	-10.186172
VTR2Bb.tr1_353	-113.768003	-119.123653	-10.7113
VTR2Bb.tr1_354	-119.597251	-124.358955	-9.52340799999999
VTR2Bb.tr1_357	-120.023886	-125.60107	-11.154368
VTR2Bb.tr1_359	-119.764044	-124.892802	-10.257516
VTR2Bb.tr1_35	-114.186926	-118.653971	-8.93409
VTR2Bb.tr1_362	-119.612214	-124.791896	-10.359364
VTR2Bb.tr1_363	-133.602042	-142.277574	-17.351064
VTR2Bb.tr1_366	-142.973843	-150.831638	-15.71559
VTR2Bb.tr1_368	-115.041203	-118.913418	-7.74442999999999
VTR2Bb.tr1_370	-119.325273	-124.423816	-10.197086
VTR2Bb.tr1_373	-131.55148	-137.271836	-11.440712
VTR2Bb.tr1_374	-114.615009	-120.471208	-11.712398
VTR2Bb.tr1_375	-115.057769	-119.884452	-9.65336600000001
VTR2Bb.tr1_378	-119.983638	-123.283737	-6.60019800000001
VTR2Bb.tr1_380	-131.368204	-138.967282	-15.198156
VTR2Bb.tr1_39	-120.022439	-124.840122	-9.63536599999998
VTR2Bb.tr1_3	-114.379031	-118.931334	-9.10460600000002
VTR2Bb.tr1_40	-124.944011	-129.590053	-9.29208400000002
VTR2Bb.tr1_41	-123.915188	-128.311657	-8.79293799999999
VTR2Bb.tr1_43	-119.593583	-125.170063	-11.15296
VTR2Bb.tr1_44	-128.123543	-133.943766	-11.640446
VTR2Bb.tr1_45	-149.006842	-158.06535	-18.117016
VTR2Bb.tr1_46	-120.736423	-124.674994	-7.87714199999999
VTR2Bb.tr1_4	-124.311614	-129.341171	-10.059114
VTR2Bb.tr1_50	-133.661396	-143.159856	-18.99692
VTR2Bb.tr1_51	-119.48649	-123.986361	-8.999742
VTR2Bb.tr1_52	-119.628489	-124.446897	-9.63681600000001
VTR2Bb.tr1_55	-119.677779	-125.011382	-10.667206
VTR2Bb.tr1_59	-127.490296	-132.312778	-9.64496400000002
VTR2Bb.tr1_5	-115.114451	-120.31924	-10.409578
VTR2Bb.tr1_62	-115.028183	-119.163314	-8.270262
VTR2Bb.tr1_63	-128.824447	-132.780905	-7.912916
VTR2Bb.tr1_64	-125.042346	-129.431418	-8.77814400000003
VTR2Bb.tr1_68	-115.372034	-120.051549	-9.35902999999999
VTR2Bb.tr1_73	-114.816882	-119.870345	-10.106926
VTR2Bb.tr1_74	-119.988799	-124.513335	-9.049072
VTR2Bb.tr1_75	-119.584681	-125.071142	-10.972922
VTR2Bb.tr1_82	-119.956554	-124.508932	-9.10475600000001
VTR2Bb.tr1_8	-114.859374	-119.99706	-10.275372
VTR2Bb.tr1_9	-124.279885	-129.547374	-10.534978
VTR2Bb.tr2_100	-120.244165	-124.131643	-7.774956
VTR2Bb.tr2_101	-119.890315	-124.537476	-9.29432199999999
VTR2Bb.tr2_109	-115.044374	-119.59345	-9.098152
VTR2Bb.tr2_10	-149.476665	-157.03256	-15.11179
VTR2Bb.tr2_112	-124.750046	-128.310914	-7.121736
VTR2Bb.tr2_115	-119.162926	-125.770723	-13.215594
VTR2Bb.tr2_11	-119.782728	-124.896273	-10.22709
VTR2Bb.tr2_131	-124.18117	-128.944041	-9.52574200000001
VTR2Bb.tr2_132	-119.59774	-125.139013	-11.082546
VTR2Bb.tr2_133	-119.802433	-126.011523	-12.41818
VTR2Bb.tr2_134	-124.031844	-129.125659	-10.18763
VTR2Bb.tr2_139	-124.58006	-129.060059	-8.95999799999998
VTR2Bb.tr2_141	-119.916652	-124.283477	-8.73365000000001
VTR2Bb.tr2_142	-114.363381	-119.243823	-9.760884
VTR2Bb.tr2_145	-113.783858	-118.747285	-9.92685400000002
VTR2Bb.tr2_147	-114.935203	-119.87815	-9.88589400000001
VTR2Bb.tr2_15	-133.098809	-197.902545	-129.607472
VTR2Bb.tr2_163	-114.407051	-120.40967	-12.005238
VTR2Bb.tr2_165	-120.130888	-124.590911	-8.92004600000001
VTR2Bb.tr2_16	-120.016084	-124.371797	-8.71142599999999
VTR2Bb.tr2_170	-119.727819	-125.213638	-10.971638
VTR2Bb.tr2_172	-120.050805	-125.041177	-9.98074400000002
VTR2Bb.tr2_17	-119.946589	-125.676528	-11.459878
VTR2Bb.tr2_192	-115.185261	-119.420137	-8.469752
VTR2Bb.tr2_193	-119.532117	-125.69786	-12.331486
VTR2Bb.tr2_195	-120.885106	-125.161486	-8.55276000000001
VTR2Bb.tr2_196	-114.570791	-118.817644	-8.493706
VTR2Bb.tr2_197	-115.254976	-119.213841	-7.91773000000001
VTR2Bb.tr2_199	-114.411222	-120.661671	-12.500898
VTR2Bb.tr2_200	-119.655642	-124.751192	-10.1911
VTR2Bb.tr2_208	-128.336668	-132.587328	-8.50132000000002
VTR2Bb.tr2_20	-120.007696	-125.246184	-10.476976
VTR2Bb.tr2_214	-119.716851	-124.62899	-9.82427799999999
VTR2Bb.tr2_215	-124.517103	-129.255812	-9.47741799999997
VTR2Bb.tr2_216	-125.115904	-128.561928	-6.89204799999999
VTR2Bb.tr2_219	-115.084552	-119.111958	-8.054812
VTR2Bb.tr2_221	-119.993251	-125.016219	-10.045936
VTR2Bb.tr2_224	-119.855973	-125.242771	-10.773596
VTR2Bb.tr2_225	-151.236604	-159.772116	-17.071024
VTR2Bb.tr2_226	-123.942912	-129.90623	-11.926636
VTR2Bb.tr2_228	-124.11985	-129.832747	-11.425794
VTR2Bb.tr2_233	-133.377683	-141.159652	-15.563938
VTR2Bb.tr2_236	-132.535719	-141.942435	-18.813432
VTR2Bb.tr2_237	-119.694795	-124.670826	-9.95206200000001
VTR2Bb.tr2_248	-114.999344	-120.055132	-10.111576
VTR2Bb.tr2_249	-115.056031	-119.903137	-9.69421199999999
VTR2Bb.tr2_24	-127.886835	-132.073655	-8.37363999999999
VTR2Bb.tr2_250	-114.395183	-119.156343	-9.52232000000001
VTR2Bb.tr2_251	-119.651752	-124.589734	-9.87596400000001
VTR2Bb.tr2_253	-119.670309	-123.909602	-8.47858600000001
VTR2Bb.tr2_257	-119.735745	-125.288246	-11.105002
VTR2Bb.tr2_265	-136.605453	-140.787278	-8.36364999999995
VTR2Bb.tr2_274	-123.81334	-129.364808	-11.102936
VTR2Bb.tr2_277	-134.034116	-140.264463	-12.460694
VTR2Bb.tr2_27	-114.577494	-118.981224	-8.80745999999999
VTR2Bb.tr2_280	-132.349198	-142.930311	-21.162226
VTR2Bb.tr2_281	-134.2503	-144.133499	-19.766398
VTR2Bb.tr2_289	-119.566806	-124.906492	-10.679372
VTR2Bb.tr2_28	-127.546442	-133.418623	-11.744362
VTR2Bb.tr2_29	-123.856737	-129.725899	-11.738324
VTR2Bb.tr2_301	-124.40072	-129.35197	-9.90249999999997
VTR2Bb.tr2_306	-131.608878	-136.853783	-10.48981
VTR2Bb.tr2_307	-124.106315	-129.256506	-10.300382
VTR2Bb.tr2_310	-119.436083	-125.715718	-12.55927
VTR2Bb.tr2_313	-135.986869	-142.129137	-12.2845359999999
VTR2Bb.tr2_318	-113.76862	-120.015501	-12.493762
VTR2Bb.tr2_319	-119.632841	-125.609498	-11.953314
VTR2Bb.tr2_322	-120.017917	-125.390259	-10.744684
VTR2Bb.tr2_324	-120.507433	-124.775362	-8.53585799999999
VTR2Bb.tr2_327	-120.196599	-124.38413	-8.37506199999999
VTR2Bb.tr2_328	-133.016321	-141.773859	-17.515076
VTR2Bb.tr2_331	-142.486809	-150.434207	-15.894796
VTR2Bb.tr2_333	-114.622821	-119.827936	-10.41023
VTR2Bb.tr2_335	-120.330661	-124.928439	-9.19555599999998
VTR2Bb.tr2_338	-132.274809	-137.297343	-10.045068
VTR2Bb.tr2_339	-114.52933	-119.930615	-10.80257
VTR2Bb.tr2_33	-114.485283	-119.46825	-9.965934
VTR2Bb.tr2_340	-114.89993	-119.777196	-9.75453200000001
VTR2Bb.tr2_343	-119.209993	-123.57532	-8.73065400000002
VTR2Bb.tr2_345	-131.220462	-139.615068	-16.789212
VTR2Bb.tr2_38	-114.782093	-120.004346	-10.444506
VTR2Bb.tr2_39	-120.248094	-124.360104	-8.22402000000002
VTR2Bb.tr2_40	-119.659691	-124.284881	-9.25038000000001
VTR2Bb.tr2_47	-120.086545	-124.285816	-8.39854199999999
VTR2Bb.tr2_4	-119.444049	-125.031983	-11.175868
VTR2Bb.tr2_5	-124.117786	-130.360708	-12.485844
VTR2Bb.tr2_66	-120.487121	-124.895664	-8.81708599999999
VTR2Bb.tr2_67	-114.691762	-119.623071	-9.862618
VTR2Bb.tr2_69	-119.693203	-124.965537	-10.544668
VTR2Bb.tr2_6	-122.941272	-127.309487	-8.73643000000001
VTR2Bb.tr2_83	-114.635222	-119.726431	-10.182418
VTR2Bb.tr2_84	-128.024763	-133.478068	-10.90661
VTR2Bb.tr2_8	-119.980824	-125.19241	-10.423172
VTR2Bb.tr2_9	-127.414313	-133.63906	-12.449494
