Steppingstone sampler:
        No Stones:                  1000
        Start It:                   10000001
        It Per Stone:               20000
        Sample Freq:                1
        Dist:                       Beta(0.400000,1.000000)
Stone No	Power	N	Stone MLh	Running MLh
0	0.997502	15000	-0.258707	-0.258707
1	0.995007	15000	-0.258196	-0.516903
2	0.992517	15000	-0.257682	-0.774585
3	0.990030	15000	-0.257391	-1.031975
4	0.987547	15000	-0.257008	-1.288984
5	0.985067	15000	-0.256538	-1.545522
6	0.982592	15000	-0.256369	-1.801891
7	0.980120	15000	-0.255766	-2.057657
8	0.977652	15000	-0.255578	-2.313235
9	0.975187	15000	-0.254959	-2.568194
10	0.972726	15000	-0.254835	-2.823029
11	0.970269	15000	-0.254230	-3.077259
12	0.967816	15000	-0.253957	-3.331216
13	0.965367	15000	-0.253792	-3.585008
14	0.962921	15000	-0.253652	-3.838660
15	0.960479	15000	-0.252887	-4.091546
16	0.958040	15000	-0.252614	-4.344161
17	0.955606	15000	-0.252262	-4.596422
18	0.953175	15000	-0.251911	-4.848333
19	0.950747	15000	-0.251315	-5.099648
20	0.948324	15000	-0.251080	-5.350728
21	0.945904	15000	-0.250658	-5.601386
22	0.943488	15000	-0.250137	-5.851523
23	0.941076	15000	-0.250058	-6.101581
24	0.938667	15000	-0.249452	-6.351032
25	0.936262	15000	-0.249223	-6.600256
26	0.933861	15000	-0.248836	-6.849091
27	0.931463	15000	-0.248503	-7.097595
28	0.929069	15000	-0.248136	-7.345731
29	0.926679	15000	-0.247996	-7.593727
30	0.924293	15000	-0.247413	-7.841140
31	0.921910	15000	-0.247096	-8.088236
32	0.919531	15000	-0.246501	-8.334736
33	0.917155	15000	-0.246459	-8.581195
34	0.914783	15000	-0.245970	-8.827166
35	0.912415	15000	-0.245569	-9.072734
36	0.910051	15000	-0.245085	-9.317820
37	0.907690	15000	-0.245136	-9.562956
38	0.905333	15000	-0.244560	-9.807516
39	0.902980	15000	-0.244101	-10.051617
40	0.900630	15000	-0.243668	-10.295284
41	0.898284	15000	-0.243231	-10.538515
42	0.895942	15000	-0.242993	-10.781508
43	0.893603	15000	-0.242591	-11.024099
44	0.891268	15000	-0.242175	-11.266274
45	0.888937	15000	-0.242039	-11.508313
46	0.886609	15000	-0.241421	-11.749734
47	0.884285	15000	-0.241032	-11.990765
48	0.881965	15000	-0.240982	-12.231747
49	0.879648	15000	-0.240384	-12.472131
50	0.877335	15000	-0.239909	-12.712040
51	0.875026	15000	-0.239709	-12.951749
52	0.872720	15000	-0.239579	-13.191328
53	0.870418	15000	-0.239028	-13.430356
54	0.868120	15000	-0.238568	-13.668924
55	0.865825	15000	-0.238138	-13.907061
56	0.863534	15000	-0.237679	-14.144740
57	0.861246	15000	-0.237513	-14.382253
58	0.858962	15000	-0.236932	-14.619185
59	0.856682	15000	-0.236474	-14.855659
60	0.854405	15000	-0.236317	-15.091976
61	0.852132	15000	-0.235678	-15.327654
62	0.849863	15000	-0.235917	-15.563571
63	0.847597	15000	-0.235297	-15.798868
64	0.845335	15000	-0.235104	-16.033972
65	0.843077	15000	-0.243981	-16.277953
66	0.840822	15000	-0.268253	-16.546206
67	0.838571	15000	-0.267985	-16.814191
68	0.836323	15000	-0.267531	-17.081722
69	0.834079	15000	-0.267056	-17.348778
70	0.831839	15000	-0.267013	-17.615790
71	0.829602	15000	-0.266062	-17.881853
72	0.827369	15000	-0.265798	-18.147651
73	0.825140	15000	-0.265367	-18.413018
74	0.822914	15000	-0.265102	-18.678119
75	0.820691	15000	-0.264865	-18.942984
76	0.818473	15000	-0.264506	-19.207490
77	0.816258	15000	-0.263911	-19.471401
78	0.814046	15000	-0.263244	-19.734646
79	0.811838	15000	-0.262766	-19.997412
80	0.809634	15000	-0.262478	-20.259890
81	0.807433	15000	-0.261877	-20.521767
82	0.805236	15000	-0.261629	-20.783396
83	0.803043	15000	-0.261136	-21.044532
84	0.800853	15000	-0.228033	-21.272565
85	0.798667	15000	-0.227625	-21.500190
86	0.796484	15000	-0.227173	-21.727363
87	0.794305	15000	-0.226685	-21.954048
88	0.792129	15000	-0.226191	-22.180239
89	0.789957	15000	-0.226059	-22.406298
90	0.787789	15000	-0.225401	-22.631699
91	0.785624	15000	-0.225278	-22.856977
92	0.783463	15000	-0.245600	-23.102577
93	0.781305	15000	-0.257126	-23.359704
94	0.779151	15000	-0.256629	-23.616333
95	0.777000	15000	-0.256198	-23.872531
96	0.774853	15000	-0.255643	-24.128174
97	0.772710	15000	-0.237397	-24.365571
98	0.770570	15000	-0.254849	-24.620420
99	0.768433	15000	-0.254583	-24.875002
100	0.766301	15000	-0.243996	-25.118998
101	0.764172	15000	-0.221770	-25.340769
102	0.762046	15000	-0.221454	-25.562223
103	0.759924	15000	-0.221112	-25.783336
104	0.757805	15000	-0.220627	-26.003963
105	0.755690	15000	-0.220199	-26.224161
106	0.753579	15000	-0.220040	-26.444202
107	0.751471	15000	-0.219867	-26.664068
108	0.749366	15000	-0.249672	-26.913740
109	0.747266	15000	-0.250413	-27.164153
110	0.745168	15000	-0.250050	-27.414203
111	0.743075	15000	-0.249568	-27.663771
112	0.740984	15000	-0.235143	-27.898914
113	0.738898	15000	-0.234862	-28.133776
114	0.736815	15000	-0.248401	-28.382177
115	0.734735	15000	-0.216851	-28.599028
116	0.732659	15000	-0.216609	-28.815637
117	0.730586	15000	-0.216210	-29.031847
118	0.728517	15000	-0.215545	-29.247392
119	0.726452	15000	-0.215295	-29.462688
120	0.724390	15000	-0.215001	-29.677688
121	0.722331	15000	-0.214552	-29.892241
122	0.720276	15000	-0.214204	-30.106445
123	0.718225	15000	-0.213854	-30.320299
124	0.716177	15000	-0.213465	-30.533764
125	0.714132	15000	-0.213262	-30.747027
126	0.712091	15000	-0.226096	-30.973123
127	0.710054	15000	-0.243075	-31.216198
128	0.708020	15000	-0.242838	-31.459036
129	0.705989	15000	-0.220644	-31.679680
130	0.703962	15000	-0.233953	-31.913633
131	0.701939	15000	-0.210882	-32.124515
132	0.699919	15000	-0.210638	-32.335153
133	0.697902	15000	-0.210373	-32.545526
134	0.695889	15000	-0.229356	-32.774882
135	0.693880	15000	-0.239828	-33.014709
136	0.691874	15000	-0.239240	-33.253950
137	0.689871	15000	-0.210809	-33.464759
138	0.687872	15000	-0.208679	-33.673438
139	0.685877	15000	-0.208515	-33.881953
140	0.683885	15000	-0.207775	-34.089728
141	0.681896	15000	-0.208070	-34.297797
142	0.679911	15000	-0.207341	-34.505138
143	0.677929	15000	-0.207263	-34.712401
144	0.675951	15000	-0.236161	-34.948562
145	0.673976	15000	-0.235538	-35.184100
146	0.672005	15000	-0.205960	-35.390060
147	0.670037	15000	-0.226796	-35.616856
148	0.668073	15000	-0.234764	-35.851620
149	0.666112	15000	-0.233823	-36.085443
150	0.664155	15000	-0.233589	-36.319032
151	0.662201	15000	-0.233292	-36.552324
152	0.660250	15000	-0.232807	-36.785130
153	0.658303	15000	-0.232540	-37.017671
154	0.656359	15000	-0.232234	-37.249905
155	0.654419	15000	-0.231623	-37.481528
156	0.652483	15000	-0.231066	-37.712594
157	0.650549	15000	-0.230829	-37.943423
158	0.648619	15000	-0.230320	-38.173743
159	0.646693	15000	-0.201531	-38.375274
160	0.644770	15000	-0.209204	-38.584478
161	0.642851	15000	-0.229321	-38.813798
162	0.640934	15000	-0.228672	-39.042470
163	0.639022	15000	-0.228712	-39.271182
164	0.637113	15000	-0.228085	-39.499267
165	0.635207	15000	-0.227465	-39.726732
166	0.633304	15000	-0.227168	-39.953900
167	0.631405	15000	-0.227022	-40.180923
168	0.629510	15000	-0.226619	-40.407541
169	0.627618	15000	-0.226204	-40.633745
170	0.625729	15000	-0.225892	-40.859638
171	0.623844	15000	-0.225220	-41.084857
172	0.621962	15000	-0.224980	-41.309837
173	0.620083	15000	-0.224382	-41.534219
174	0.618208	15000	-0.223823	-41.758042
175	0.616337	15000	-0.223569	-41.981611
176	0.614468	15000	-0.223345	-42.204957
177	0.612604	15000	-0.218605	-42.423562
178	0.610742	15000	-0.194789	-42.618351
179	0.608884	15000	-0.194571	-42.812922
180	0.607029	15000	-0.194538	-43.007460
181	0.605178	15000	-0.194304	-43.201764
182	0.603330	15000	-0.194484	-43.396248
183	0.601486	15000	-0.220354	-43.616603
184	0.599645	15000	-0.212488	-43.829091
185	0.597807	15000	-0.204773	-44.033864
186	0.595973	15000	-0.219316	-44.253180
187	0.594142	15000	-0.218929	-44.472109
188	0.592314	15000	-0.218511	-44.690619
189	0.590490	15000	-0.218428	-44.909048
190	0.588669	15000	-0.193934	-45.102982
191	0.586852	15000	-0.217421	-45.320402
192	0.585038	15000	-0.202651	-45.523054
193	0.583227	15000	-0.213347	-45.736401
194	0.581420	15000	-0.193940	-45.930340
195	0.579616	15000	-0.190847	-46.121187
196	0.577815	15000	-0.215518	-46.336705
197	0.576018	15000	-0.215149	-46.551853
198	0.574224	15000	-0.214434	-46.766288
199	0.572433	15000	-0.214531	-46.980819
200	0.570646	15000	-0.214179	-47.194997
201	0.568862	15000	-0.213511	-47.408508
202	0.567082	15000	-0.200040	-47.608548
203	0.565305	15000	-0.207947	-47.816495
204	0.563531	15000	-0.193783	-48.010279
205	0.561761	15000	-0.212156	-48.222435
206	0.559993	15000	-0.211412	-48.433846
207	0.558230	15000	-0.211207	-48.645053
208	0.556469	15000	-0.210613	-48.855666
209	0.554712	15000	-0.210256	-49.065921
210	0.552958	15000	-0.209788	-49.275709
211	0.551208	15000	-0.209810	-49.485520
212	0.549461	15000	-0.209414	-49.694934
213	0.547717	15000	-0.191745	-49.886679
214	0.545977	15000	-0.202396	-50.089075
215	0.544240	15000	-0.207814	-50.296888
216	0.542506	15000	-0.207575	-50.504464
217	0.540775	15000	-0.207409	-50.711873
218	0.539048	15000	-0.207123	-50.918996
219	0.537324	15000	-0.206777	-51.125773
220	0.535604	15000	-0.206172	-51.331946
221	0.533887	15000	-0.205653	-51.537599
222	0.532173	15000	-0.205245	-51.742844
223	0.530462	15000	-0.204948	-51.947793
224	0.528755	15000	-0.204642	-52.152434
225	0.527051	15000	-0.204077	-52.356511
226	0.525350	15000	-0.203902	-52.560413
227	0.523653	15000	-0.203262	-52.763675
228	0.521958	15000	-0.202985	-52.966660
229	0.520268	15000	-0.202694	-53.169354
230	0.518580	15000	-0.202425	-53.371779
231	0.516896	15000	-0.202039	-53.573818
232	0.515215	15000	-0.201598	-53.775415
233	0.513537	15000	-0.201254	-53.976669
234	0.511863	15000	-0.200608	-54.177277
235	0.510192	15000	-0.197969	-54.375247
236	0.508524	15000	-0.195533	-54.570780
237	0.506859	15000	-0.199620	-54.770400
238	0.505198	15000	-0.198983	-54.969383
239	0.503540	15000	-0.197685	-55.167069
240	0.501885	15000	-0.198721	-55.365790
241	0.500234	15000	-0.197874	-55.563664
242	0.498586	15000	-0.197597	-55.761261
243	0.496941	15000	-0.197726	-55.958987
244	0.495299	15000	-0.191852	-56.150839
245	0.493660	15000	-0.196757	-56.347596
246	0.492025	15000	-0.196081	-56.543677
247	0.490393	15000	-0.195943	-56.739620
248	0.488765	15000	-0.195519	-56.935139
249	0.487139	15000	-0.195087	-57.130226
250	0.485517	15000	-0.194752	-57.324978
251	0.483898	15000	-0.194452	-57.519431
252	0.482283	15000	-0.178848	-57.698278
253	0.480670	15000	-0.193580	-57.891859
254	0.479061	15000	-0.193302	-58.085161
255	0.477455	15000	-0.174657	-58.259818
256	0.475852	15000	-0.185449	-58.445268
257	0.474253	15000	-0.192415	-58.637683
258	0.472656	15000	-0.191886	-58.829569
259	0.471063	15000	-0.191319	-59.020888
260	0.469474	15000	-0.188724	-59.209612
261	0.467887	15000	-0.190748	-59.400359
262	0.466304	15000	-0.190284	-59.590643
263	0.464723	15000	-0.189911	-59.780554
264	0.463146	15000	-0.189463	-59.970018
265	0.461573	15000	-0.188497	-60.158515
266	0.460002	15000	-0.188775	-60.347290
267	0.458435	15000	-0.188320	-60.535610
268	0.456871	15000	-0.188007	-60.723617
269	0.455310	15000	-0.187430	-60.911047
270	0.453752	15000	-0.187263	-61.098310
271	0.452198	15000	-0.186830	-61.285140
272	0.450647	15000	-0.186846	-61.471986
273	0.449098	15000	-0.186191	-61.658177
274	0.447554	15000	-0.185930	-61.844107
275	0.446012	15000	-0.185615	-62.029722
276	0.444473	15000	-0.184828	-62.214550
277	0.442938	15000	-0.184905	-62.399454
278	0.441406	15000	-0.184425	-62.583879
279	0.439877	15000	-0.183701	-62.767580
280	0.438351	15000	-0.183185	-62.950765
281	0.436829	15000	-0.183102	-63.133867
282	0.435309	15000	-0.182786	-63.316653
283	0.433793	15000	-0.182131	-63.498784
284	0.432280	15000	-0.182481	-63.681265
285	0.430770	15000	-0.181587	-63.862852
286	0.429263	15000	-0.181391	-64.044243
287	0.427760	15000	-0.175889	-64.220132
288	0.426259	15000	-0.180440	-64.400572
289	0.424762	15000	-0.180727	-64.581299
290	0.423268	15000	-0.179832	-64.761131
291	0.421777	15000	-0.179373	-64.940504
292	0.420289	15000	-0.179122	-65.119626
293	0.418805	15000	-0.179169	-65.298795
294	0.417323	15000	-0.178101	-65.476896
295	0.415845	15000	-0.176525	-65.653421
296	0.414370	15000	-0.177785	-65.831206
297	0.412898	15000	-0.177451	-66.008657
298	0.411429	15000	-0.177057	-66.185714
299	0.409963	15000	-0.176250	-66.361964
300	0.408501	15000	-0.176111	-66.538075
301	0.407041	15000	-0.176448	-66.714523
302	0.405585	15000	-0.175581	-66.890103
303	0.404132	15000	-0.175465	-67.065568
304	0.402682	15000	-0.174618	-67.240186
305	0.401235	15000	-0.174550	-67.414736
306	0.399791	15000	-0.174049	-67.588785
307	0.398350	15000	-0.174046	-67.762831
308	0.396913	15000	-0.173224	-67.936055
309	0.395478	15000	-0.172873	-68.108928
310	0.394047	15000	-0.172656	-68.281584
311	0.392619	15000	-0.172197	-68.453781
312	0.391194	15000	-0.171734	-68.625515
313	0.389772	15000	-0.171840	-68.797355
314	0.388353	15000	-0.171280	-68.968635
315	0.386937	15000	-0.170895	-69.139530
316	0.385524	15000	-0.170396	-69.309926
317	0.384115	15000	-0.170140	-69.480066
318	0.382708	15000	-0.169512	-69.649578
319	0.381305	15000	-0.169225	-69.818803
320	0.379904	15000	-0.169408	-69.988211
321	0.378507	15000	-0.168589	-70.156800
322	0.377113	15000	-0.168681	-70.325481
323	0.375722	15000	-0.167914	-70.493395
324	0.374334	15000	-0.167537	-70.660932
325	0.372949	15000	-0.167367	-70.828299
326	0.371567	15000	-0.166970	-70.995269
327	0.370189	15000	-0.166782	-71.162051
328	0.368813	15000	-0.166307	-71.328358
329	0.367440	15000	-0.165960	-71.494318
330	0.366071	15000	-0.164504	-71.658821
331	0.364705	15000	-0.165095	-71.823916
332	0.363341	15000	-0.164822	-71.988738
333	0.361981	15000	-0.164585	-72.153323
334	0.360624	15000	-0.164392	-72.317715
335	0.359269	15000	-0.163930	-72.481645
336	0.357918	15000	-0.163608	-72.645254
337	0.356570	15000	-0.163445	-72.808699
338	0.355225	15000	-0.162725	-72.971424
339	0.353883	15000	-0.162442	-73.133866
340	0.352544	15000	-0.162081	-73.295947
341	0.351208	15000	-0.161606	-73.457553
342	0.349875	15000	-0.161571	-73.619124
343	0.348546	15000	-0.160956	-73.780080
344	0.347219	15000	-0.160667	-73.940747
345	0.345895	15000	-0.159898	-74.100645
346	0.344574	15000	-0.159365	-74.260010
347	0.343257	15000	-0.159564	-74.419574
348	0.341942	15000	-0.158611	-74.578185
349	0.340630	15000	-0.159068	-74.737254
350	0.339322	15000	-0.158743	-74.895997
351	0.338016	15000	-0.157992	-75.053988
352	0.336714	15000	-0.157796	-75.211785
353	0.335414	15000	-0.157361	-75.369146
354	0.334118	15000	-0.155559	-75.524705
355	0.332824	15000	-0.156823	-75.681528
356	0.331534	15000	-0.155695	-75.837223
357	0.330246	15000	-0.156148	-75.993370
358	0.328962	15000	-0.155822	-76.149193
359	0.327680	15000	-0.155259	-76.304452
360	0.326401	15000	-0.154956	-76.459407
361	0.325126	15000	-0.154821	-76.614229
362	0.323853	15000	-0.153731	-76.767960
363	0.322584	15000	-0.152536	-76.920495
364	0.321317	15000	-0.153437	-77.073932
365	0.320054	15000	-0.153285	-77.227217
366	0.318793	15000	-0.152686	-77.379902
367	0.317536	15000	-0.152461	-77.532364
368	0.316281	15000	-0.152208	-77.684571
369	0.315030	15000	-0.152086	-77.836658
370	0.313781	15000	-0.150504	-77.987162
371	0.312535	15000	-0.151517	-78.138678
372	0.311293	15000	-0.150927	-78.289605
373	0.310053	15000	-0.150562	-78.440167
374	0.308816	15000	-0.150237	-78.590404
375	0.307582	15000	-0.149878	-78.740282
376	0.306352	15000	-0.149395	-78.889676
377	0.305124	15000	-0.149172	-79.038848
378	0.303899	15000	-0.148857	-79.187705
379	0.302677	15000	-0.148243	-79.335948
380	0.301458	15000	-0.148396	-79.484344
381	0.300242	15000	-0.148068	-79.632412
382	0.299029	15000	-0.147497	-79.779909
383	0.297819	15000	-0.147269	-79.927178
384	0.296611	15000	-0.147225	-80.074403
385	0.295407	15000	-0.146716	-80.221119
386	0.294206	15000	-0.146293	-80.367412
387	0.293007	15000	-0.145894	-80.513305
388	0.291812	15000	-0.145640	-80.658945
389	0.290619	15000	-0.145124	-80.804069
390	0.289430	15000	-0.144740	-80.948809
391	0.288243	15000	-0.144544	-81.093353
392	0.287059	15000	-0.144270	-81.237623
393	0.285879	15000	-0.143817	-81.381439
394	0.284701	15000	-0.143407	-81.524846
395	0.283526	15000	-0.143115	-81.667961
396	0.282354	15000	-0.142946	-81.810907
397	0.281184	15000	-0.142655	-81.953561
398	0.280018	15000	-0.142151	-82.095713
399	0.278855	15000	-0.141955	-82.237668
400	0.277694	15000	-0.141601	-82.379269
401	0.276537	15000	-0.141481	-82.520750
402	0.275382	15000	-0.140647	-82.661397
403	0.274230	15000	-0.140286	-82.801683
404	0.273082	15000	-0.140089	-82.941771
405	0.271936	15000	-0.139499	-83.081270
406	0.270793	15000	-0.139618	-83.220888
407	0.269652	15000	-0.138892	-83.359780
408	0.268515	15000	-0.138559	-83.498339
409	0.267381	15000	-0.138817	-83.637156
410	0.266249	15000	-0.138174	-83.775331
411	0.265121	15000	-0.137833	-83.913164
412	0.263995	15000	-0.137248	-84.050412
413	0.262872	15000	-0.137237	-84.187648
414	0.261752	15000	-0.137123	-84.324771
415	0.260635	15000	-0.136433	-84.461205
416	0.259520	15000	-0.136051	-84.597256
417	0.258409	15000	-0.135789	-84.733044
418	0.257300	15000	-0.135369	-84.868413
419	0.256195	15000	-0.135617	-85.004030
420	0.255092	15000	-0.135328	-85.139359
421	0.253992	15000	-0.134883	-85.274242
422	0.252895	15000	-0.134434	-85.408675
423	0.251800	15000	-0.134259	-85.542935
424	0.250709	15000	-0.133306	-85.676240
425	0.249620	15000	-0.133382	-85.809623
426	0.248534	15000	-0.133284	-85.942906
427	0.247451	15000	-0.133045	-86.075951
428	0.246371	15000	-0.132672	-86.208623
429	0.245294	15000	-0.131981	-86.340604
430	0.244220	15000	-0.131547	-86.472151
431	0.243148	15000	-0.131218	-86.603369
432	0.242079	15000	-0.131256	-86.734624
433	0.241013	15000	-0.130668	-86.865293
434	0.239950	15000	-0.130424	-86.995717
435	0.238890	15000	-0.130088	-87.125805
436	0.237832	15000	-0.129900	-87.255705
437	0.236778	15000	-0.130006	-87.385712
438	0.235726	15000	-0.129160	-87.514872
439	0.234677	15000	-0.128820	-87.643692
440	0.233630	15000	-0.128741	-87.772433
441	0.232587	15000	-0.128137	-87.900570
442	0.231546	15000	-0.127804	-88.028373
443	0.230509	15000	-0.127695	-88.156069
444	0.229473	15000	-0.127667	-88.283735
445	0.228441	15000	-0.126839	-88.410575
446	0.227412	15000	-0.126635	-88.537209
447	0.226385	15000	-0.126550	-88.663759
448	0.225361	15000	-0.126137	-88.789896
449	0.224340	15000	-0.125358	-88.915254
450	0.223322	15000	-0.125475	-89.040728
451	0.222306	15000	-0.125215	-89.165943
452	0.221293	15000	-0.125200	-89.291143
453	0.220283	15000	-0.124358	-89.415500
454	0.219276	15000	-0.124250	-89.539750
455	0.218272	15000	-0.124149	-89.663899
456	0.217270	15000	-0.123570	-89.787469
457	0.216271	15000	-0.123132	-89.910601
458	0.215275	15000	-0.122752	-90.033353
459	0.214281	15000	-0.122386	-90.155739
460	0.213291	15000	-0.122300	-90.278039
461	0.212303	15000	-0.121967	-90.400006
462	0.211318	15000	-0.121509	-90.521516
463	0.210335	15000	-0.121005	-90.642521
464	0.209356	15000	-0.120823	-90.763344
465	0.208379	15000	-0.120800	-90.884144
466	0.207404	15000	-0.120345	-91.004489
467	0.206433	15000	-0.120540	-91.125029
468	0.205464	15000	-0.119679	-91.244709
469	0.204498	15000	-0.119431	-91.364139
470	0.203535	15000	-0.118807	-91.482946
471	0.202575	15000	-0.118874	-91.601820
472	0.201617	15000	-0.118721	-91.720541
473	0.200662	15000	-0.118092	-91.838633
474	0.199709	15000	-0.118446	-91.957079
475	0.198760	15000	-0.117891	-92.074970
476	0.197813	15000	-0.117408	-92.192378
477	0.196869	15000	-0.117520	-92.309898
478	0.195927	15000	-0.116624	-92.426521
479	0.194988	15000	-0.116472	-92.542993
480	0.194052	15000	-0.115789	-92.658782
481	0.193119	15000	-0.115776	-92.774558
482	0.192188	15000	-0.115223	-92.889780
483	0.191260	15000	-0.114960	-93.004740
484	0.190335	15000	-0.114783	-93.119523
485	0.189412	15000	-0.114372	-93.233896
486	0.188492	15000	-0.114017	-93.347913
487	0.187575	15000	-0.113740	-93.461653
488	0.186660	15000	-0.113520	-93.575173
489	0.185749	15000	-0.113028	-93.688201
490	0.184839	15000	-0.112948	-93.801149
491	0.183933	15000	-0.112763	-93.913912
492	0.183029	15000	-0.112417	-94.026330
493	0.182128	15000	-0.112552	-94.138882
494	0.181229	15000	-0.111767	-94.250649
495	0.180333	15000	-0.111098	-94.361747
496	0.179440	15000	-0.111372	-94.473119
497	0.178550	15000	-0.110710	-94.583828
498	0.177662	15000	-0.110637	-94.694465
499	0.176777	15000	-0.109925	-94.804391
500	0.175894	15000	-0.110102	-94.914493
501	0.175014	15000	-0.110008	-95.024501
502	0.174137	15000	-0.109518	-95.134018
503	0.173262	15000	-0.109083	-95.243101
504	0.172390	15000	-0.108947	-95.352048
505	0.171521	15000	-0.108735	-95.460782
506	0.170654	15000	-0.107884	-95.568666
507	0.169790	15000	-0.108012	-95.676678
508	0.168929	15000	-0.107022	-95.783700
509	0.168070	15000	-0.107250	-95.890950
510	0.167214	15000	-0.107160	-95.998111
511	0.166360	15000	-0.106805	-96.104915
512	0.165509	15000	-0.106628	-96.211543
513	0.164661	15000	-0.106277	-96.317820
514	0.163815	15000	-0.105536	-96.423356
515	0.162972	15000	-0.105631	-96.528986
516	0.162132	15000	-0.104940	-96.633926
517	0.161294	15000	-0.104718	-96.738644
518	0.160458	15000	-0.104684	-96.843329
519	0.159626	15000	-0.104505	-96.947833
520	0.158796	15000	-0.104469	-97.052302
521	0.157968	15000	-0.103902	-97.156204
522	0.157143	15000	-0.103623	-97.259827
523	0.156321	15000	-0.103367	-97.363194
524	0.155501	15000	-0.102787	-97.465981
525	0.154684	15000	-0.102782	-97.568763
526	0.153870	15000	-0.102400	-97.671164
527	0.153058	15000	-0.102203	-97.773366
528	0.152248	15000	-0.101294	-97.874661
529	0.151441	15000	-0.101264	-97.975924
530	0.150637	15000	-0.101304	-98.077228
531	0.149835	15000	-0.100974	-98.178202
532	0.149036	15000	-0.100643	-98.278845
533	0.148240	15000	-0.100834	-98.379679
534	0.147446	15000	-0.100318	-98.479997
535	0.146654	15000	-0.099805	-98.579802
536	0.145865	15000	-0.099938	-98.679740
537	0.145079	15000	-0.099312	-98.779052
538	0.144295	15000	-0.099374	-98.878426
539	0.143514	15000	-0.098381	-98.976807
540	0.142735	15000	-0.098587	-99.075394
541	0.141959	15000	-0.098570	-99.173964
542	0.141186	15000	-0.098151	-99.272115
543	0.140415	15000	-0.097379	-99.369494
544	0.139646	15000	-0.097084	-99.466577
545	0.138880	15000	-0.097044	-99.563622
546	0.138116	15000	-0.096517	-99.660139
547	0.137356	15000	-0.096718	-99.756856
548	0.136597	15000	-0.096457	-99.853313
549	0.135841	15000	-0.095531	-99.948844
550	0.135088	15000	-0.095694	-100.044538
551	0.134337	15000	-0.094923	-100.139461
552	0.133588	15000	-0.095092	-100.234554
553	0.132843	15000	-0.095264	-100.329818
554	0.132099	15000	-0.094521	-100.424339
555	0.131358	15000	-0.094619	-100.518957
556	0.130620	15000	-0.093866	-100.612824
557	0.129884	15000	-0.093526	-100.706350
558	0.129151	15000	-0.093814	-100.800164
559	0.128420	15000	-0.093176	-100.893340
560	0.127691	15000	-0.092475	-100.985815
561	0.126965	15000	-0.092809	-101.078623
562	0.126242	15000	-0.092424	-101.171047
563	0.125521	15000	-0.091978	-101.263025
564	0.124802	15000	-0.091906	-101.354931
565	0.124086	15000	-0.091245	-101.446176
566	0.123373	15000	-0.090903	-101.537080
567	0.122662	15000	-0.090997	-101.628076
568	0.121953	15000	-0.090402	-101.718478
569	0.121247	15000	-0.090639	-101.809117
570	0.120543	15000	-0.090345	-101.899462
571	0.119842	15000	-0.089986	-101.989448
572	0.119143	15000	-0.089926	-102.079373
573	0.118447	15000	-0.089171	-102.168544
574	0.117753	15000	-0.089127	-102.257671
575	0.117062	15000	-0.088718	-102.346389
576	0.116373	15000	-0.089348	-102.435737
577	0.115686	15000	-0.088263	-102.524000
578	0.115002	15000	-0.087946	-102.611946
579	0.114320	15000	-0.087830	-102.699776
580	0.113641	15000	-0.087435	-102.787211
581	0.112964	15000	-0.087489	-102.874700
582	0.112290	15000	-0.086797	-102.961497
583	0.111618	15000	-0.086841	-103.048338
584	0.110948	15000	-0.086767	-103.135105
585	0.110281	15000	-0.086126	-103.221231
586	0.109616	15000	-0.086045	-103.307276
587	0.108954	15000	-0.086125	-103.393401
588	0.108294	15000	-0.085187	-103.478588
589	0.107637	15000	-0.084675	-103.563263
590	0.106981	15000	-0.085545	-103.648808
591	0.106329	15000	-0.084405	-103.733213
592	0.105678	15000	-0.084572	-103.817785
593	0.105030	15000	-0.083876	-103.901661
594	0.104385	15000	-0.084177	-103.985838
595	0.103742	15000	-0.083156	-104.068994
596	0.103101	15000	-0.083569	-104.152563
597	0.102463	15000	-0.083081	-104.235644
598	0.101827	15000	-0.082406	-104.318050
599	0.101193	15000	-0.082463	-104.400513
600	0.100562	15000	-0.082751	-104.483264
601	0.099933	15000	-0.082233	-104.565496
602	0.099306	15000	-0.082056	-104.647552
603	0.098682	15000	-0.081586	-104.729138
604	0.098060	15000	-0.081273	-104.810411
605	0.097441	15000	-0.080854	-104.891266
606	0.096824	15000	-0.081850	-104.973115
607	0.096209	15000	-0.080575	-105.053690
608	0.095596	15000	-0.080706	-105.134396
609	0.094986	15000	-0.079738	-105.214135
610	0.094379	15000	-0.080010	-105.294144
611	0.093773	15000	-0.080109	-105.374254
612	0.093170	15000	-0.079056	-105.453310
613	0.092570	15000	-0.078854	-105.532163
614	0.091971	15000	-0.078957	-105.611121
615	0.091375	15000	-0.078372	-105.689493
616	0.090781	15000	-0.079134	-105.768627
617	0.090190	15000	-0.077737	-105.846363
618	0.089601	15000	-0.077294	-105.923657
619	0.089014	15000	-0.077634	-106.001291
620	0.088430	15000	-0.077092	-106.078383
621	0.087848	15000	-0.077084	-106.155467
622	0.087268	15000	-0.077408	-106.232875
623	0.086690	15000	-0.076616	-106.309491
624	0.086115	15000	-0.076277	-106.385768
625	0.085542	15000	-0.076165	-106.461933
626	0.084971	15000	-0.075509	-106.537442
627	0.084403	15000	-0.075776	-106.613218
628	0.083837	15000	-0.075797	-106.689015
629	0.083273	15000	-0.075243	-106.764259
630	0.082712	15000	-0.074995	-106.839253
631	0.082152	15000	-0.074691	-106.913944
632	0.081595	15000	-0.074057	-106.988001
633	0.081041	15000	-0.073966	-107.061967
634	0.080488	15000	-0.074349	-107.136316
635	0.079938	15000	-0.073817	-107.210132
636	0.079390	15000	-0.073788	-107.283920
637	0.078845	15000	-0.073364	-107.357285
638	0.078301	15000	-0.072445	-107.429730
639	0.077760	15000	-0.072729	-107.502459
640	0.077221	15000	-0.072957	-107.575416
641	0.076684	15000	-0.072375	-107.647791
642	0.076150	15000	-0.072087	-107.719878
643	0.075618	15000	-0.071801	-107.791679
644	0.075088	15000	-0.072087	-107.863766
645	0.074560	15000	-0.071453	-107.935219
646	0.074035	15000	-0.071443	-108.006662
647	0.073512	15000	-0.070696	-108.077359
648	0.072991	15000	-0.070808	-108.148166
649	0.072472	15000	-0.070531	-108.218697
650	0.071955	15000	-0.070160	-108.288857
651	0.071441	15000	-0.070038	-108.358896
652	0.070929	15000	-0.069897	-108.428793
653	0.070419	15000	-0.069428	-108.498221
654	0.069911	15000	-0.069122	-108.567343
655	0.069406	15000	-0.068672	-108.636016
656	0.068903	15000	-0.068837	-108.704853
657	0.068401	15000	-0.069596	-108.774449
658	0.067903	15000	-0.068064	-108.842513
659	0.067406	15000	-0.068263	-108.910776
660	0.066911	15000	-0.067765	-108.978542
661	0.066419	15000	-0.067223	-109.045765
662	0.065929	15000	-0.067407	-109.113172
663	0.065441	15000	-0.067367	-109.180538
664	0.064955	15000	-0.067399	-109.247937
665	0.064471	15000	-0.067345	-109.315282
666	0.063990	15000	-0.066716	-109.381998
667	0.063510	15000	-0.066352	-109.448350
668	0.063033	15000	-0.066539	-109.514889
669	0.062558	15000	-0.065957	-109.580846
670	0.062085	15000	-0.065594	-109.646440
671	0.061615	15000	-0.065742	-109.712182
672	0.061146	15000	-0.065389	-109.777570
673	0.060680	15000	-0.065008	-109.842579
674	0.060216	15000	-0.065254	-109.907833
675	0.059753	15000	-0.064577	-109.972410
676	0.059293	15000	-0.064492	-110.036902
677	0.058836	15000	-0.063898	-110.100800
678	0.058380	15000	-0.063275	-110.164075
679	0.057926	15000	-0.063872	-110.227947
680	0.057475	15000	-0.063224	-110.291171
681	0.057025	15000	-0.063062	-110.354232
682	0.056578	15000	-0.062596	-110.416828
683	0.056133	15000	-0.063145	-110.479974
684	0.055690	15000	-0.062039	-110.542013
685	0.055249	15000	-0.061425	-110.603438
686	0.054810	15000	-0.062487	-110.665925
687	0.054373	15000	-0.061442	-110.727367
688	0.053939	15000	-0.061890	-110.789258
689	0.053506	15000	-0.060953	-110.850211
690	0.053076	15000	-0.061399	-110.911610
691	0.052647	15000	-0.060876	-110.972486
692	0.052221	15000	-0.061193	-111.033679
693	0.051797	15000	-0.060824	-111.094503
694	0.051375	15000	-0.061520	-111.156023
695	0.050955	15000	-0.059928	-111.215950
696	0.050537	15000	-0.060311	-111.276262
697	0.050121	15000	-0.059705	-111.335967
698	0.049707	15000	-0.059434	-111.395401
699	0.049295	15000	-0.059596	-111.454997
700	0.048885	15000	-0.058593	-111.513590
701	0.048478	15000	-0.059275	-111.572865
702	0.048072	15000	-0.057982	-111.630847
703	0.047668	15000	-0.058045	-111.688892
704	0.047267	15000	-0.058355	-111.747248
705	0.046867	15000	-0.058335	-111.805583
706	0.046470	15000	-0.057467	-111.863050
707	0.046074	15000	-0.057708	-111.920758
708	0.045681	15000	-0.057613	-111.978371
709	0.045289	15000	-0.057496	-112.035867
710	0.044900	15000	-0.056881	-112.092748
711	0.044512	15000	-0.056452	-112.149200
712	0.044127	15000	-0.056961	-112.206161
713	0.043744	15000	-0.057430	-112.263591
714	0.043362	15000	-0.056116	-112.319707
715	0.042983	15000	-0.055479	-112.375186
716	0.042606	15000	-0.056051	-112.431237
717	0.042230	15000	-0.056401	-112.487638
718	0.041857	15000	-0.055324	-112.542962
719	0.041485	15000	-0.055166	-112.598128
720	0.041116	15000	-0.055518	-112.653646
721	0.040749	15000	-0.055761	-112.709408
722	0.040383	15000	-0.054239	-112.763647
723	0.040020	15000	-0.055479	-112.819126
724	0.039658	15000	-0.054381	-112.873508
725	0.039299	15000	-0.054184	-112.927692
726	0.038941	15000	-0.054306	-112.981998
727	0.038585	15000	-0.053380	-113.035377
728	0.038232	15000	-0.053163	-113.088540
729	0.037880	15000	-0.053398	-113.141938
730	0.037530	15000	-0.053499	-113.195437
731	0.037182	15000	-0.053181	-113.248619
732	0.036836	15000	-0.052691	-113.301309
733	0.036493	15000	-0.053175	-113.354484
734	0.036151	15000	-0.052415	-113.406899
735	0.035810	15000	-0.051904	-113.458803
736	0.035472	15000	-0.052075	-113.510878
737	0.035136	15000	-0.051401	-113.562279
738	0.034802	15000	-0.051541	-113.613820
739	0.034469	15000	-0.051950	-113.665770
740	0.034139	15000	-0.051181	-113.716951
741	0.033810	15000	-0.050911	-113.767863
742	0.033484	15000	-0.050928	-113.818791
743	0.033159	15000	-0.050922	-113.869713
744	0.032836	15000	-0.051113	-113.920826
745	0.032515	15000	-0.050844	-113.971670
746	0.032196	15000	-0.050700	-114.022370
747	0.031879	15000	-0.049732	-114.072102
748	0.031563	15000	-0.050482	-114.122584
749	0.031250	15000	-0.049984	-114.172568
750	0.030938	15000	-0.049686	-114.222254
751	0.030629	15000	-0.049307	-114.271562
752	0.030321	15000	-0.049580	-114.321142
753	0.030015	15000	-0.048719	-114.369861
754	0.029711	15000	-0.048578	-114.418439
755	0.029409	15000	-0.049011	-114.467450
756	0.029108	15000	-0.048371	-114.515821
757	0.028810	15000	-0.048492	-114.564314
758	0.028513	15000	-0.047987	-114.612301
759	0.028218	15000	-0.047686	-114.659987
760	0.027925	15000	-0.048099	-114.708085
761	0.027634	15000	-0.046591	-114.754676
762	0.027345	15000	-0.047339	-114.802015
763	0.027057	15000	-0.047583	-114.849598
764	0.026771	15000	-0.046626	-114.896224
765	0.026487	15000	-0.046807	-114.943031
766	0.026205	15000	-0.045576	-114.988607
767	0.025925	15000	-0.045918	-115.034525
768	0.025647	15000	-0.046237	-115.080762
769	0.025370	15000	-0.045600	-115.126362
770	0.025095	15000	-0.045370	-115.171732
771	0.024822	15000	-0.045665	-115.217397
772	0.024551	15000	-0.045380	-115.262777
773	0.024281	15000	-0.044962	-115.307739
774	0.024014	15000	-0.044878	-115.352617
775	0.023748	15000	-0.045327	-115.397944
776	0.023483	15000	-0.044570	-115.442514
777	0.023221	15000	-0.044835	-115.487349
778	0.022960	15000	-0.044351	-115.531699
779	0.022702	15000	-0.043261	-115.574961
780	0.022445	15000	-0.043863	-115.618823
781	0.022189	15000	-0.043181	-115.662005
782	0.021936	15000	-0.042950	-115.704955
783	0.021684	15000	-0.043347	-115.748301
784	0.021434	15000	-0.043329	-115.791631
785	0.021185	15000	-0.043173	-115.834803
786	0.020939	15000	-0.043090	-115.877893
787	0.020694	15000	-0.043077	-115.920970
788	0.020451	15000	-0.042033	-115.963004
789	0.020209	15000	-0.041889	-116.004893
790	0.019969	15000	-0.041918	-116.046811
791	0.019731	15000	-0.042486	-116.089297
792	0.019495	15000	-0.041384	-116.130681
793	0.019261	15000	-0.041923	-116.172603
794	0.019028	15000	-0.041517	-116.214121
795	0.018796	15000	-0.041001	-116.255122
796	0.018567	15000	-0.040868	-116.295990
797	0.018339	15000	-0.041403	-116.337393
798	0.018113	15000	-0.040861	-116.378253
799	0.017889	15000	-0.040225	-116.418479
800	0.017666	15000	-0.039859	-116.458338
801	0.017445	15000	-0.039493	-116.497831
802	0.017225	15000	-0.039715	-116.537546
803	0.017007	15000	-0.039823	-116.577369
804	0.016791	15000	-0.039449	-116.616818
805	0.016577	15000	-0.039195	-116.656013
806	0.016364	15000	-0.039399	-116.695412
807	0.016153	15000	-0.038899	-116.734312
808	0.015943	15000	-0.038575	-116.772887
809	0.015736	15000	-0.038191	-116.811079
810	0.015529	15000	-0.038601	-116.849680
811	0.015325	15000	-0.037945	-116.887625
812	0.015122	15000	-0.037581	-116.925207
813	0.014920	15000	-0.037955	-116.963161
814	0.014721	15000	-0.038459	-117.001621
815	0.014523	15000	-0.037065	-117.038685
816	0.014326	15000	-0.037049	-117.075735
817	0.014131	15000	-0.037127	-117.112861
818	0.013938	15000	-0.036985	-117.149846
819	0.013746	15000	-0.036720	-117.186566
820	0.013556	15000	-0.036624	-117.223191
821	0.013367	15000	-0.036370	-117.259561
822	0.013181	15000	-0.035830	-117.295390
823	0.012995	15000	-0.036051	-117.331442
824	0.012811	15000	-0.035737	-117.367179
825	0.012629	15000	-0.035545	-117.402724
826	0.012448	15000	-0.035059	-117.437783
827	0.012269	15000	-0.035385	-117.473168
828	0.012092	15000	-0.035038	-117.508206
829	0.011916	15000	-0.034879	-117.543085
830	0.011741	15000	-0.034272	-117.577357
831	0.011568	15000	-0.034823	-117.612180
832	0.011397	15000	-0.034563	-117.646743
833	0.011227	15000	-0.034326	-117.681069
834	0.011059	15000	-0.033959	-117.715028
835	0.010892	15000	-0.033502	-117.748530
836	0.010727	15000	-0.033032	-117.781562
837	0.010563	15000	-0.032982	-117.814543
838	0.010401	15000	-0.032973	-117.847517
839	0.010240	15000	-0.033203	-117.880720
840	0.010081	15000	-0.032952	-117.913672
841	0.009923	15000	-0.032363	-117.946035
842	0.009767	15000	-0.032099	-117.978134
843	0.009612	15000	-0.031777	-118.009911
844	0.009459	15000	-0.031881	-118.041792
845	0.009307	15000	-0.031322	-118.073115
846	0.009156	15000	-0.031296	-118.104411
847	0.009008	15000	-0.031041	-118.135452
848	0.008860	15000	-0.030732	-118.166184
849	0.008714	15000	-0.030954	-118.197138
850	0.008570	15000	-0.030794	-118.227932
851	0.008427	15000	-0.030547	-118.258479
852	0.008285	15000	-0.030527	-118.289006
853	0.008145	15000	-0.030048	-118.319053
854	0.008006	15000	-0.029847	-118.348900
855	0.007869	15000	-0.029425	-118.378325
856	0.007733	15000	-0.029406	-118.407731
857	0.007598	15000	-0.029289	-118.437020
858	0.007465	15000	-0.028991	-118.466011
859	0.007334	15000	-0.029266	-118.495277
860	0.007203	15000	-0.028727	-118.524004
861	0.007075	15000	-0.028448	-118.552452
862	0.006947	15000	-0.027707	-118.580160
863	0.006821	15000	-0.028014	-118.608173
864	0.006696	15000	-0.027904	-118.636078
865	0.006573	15000	-0.027916	-118.663994
866	0.006451	15000	-0.027369	-118.691363
867	0.006330	15000	-0.026997	-118.718360
868	0.006211	15000	-0.026743	-118.745102
869	0.006093	15000	-0.027529	-118.772631
870	0.005977	15000	-0.026892	-118.799523
871	0.005862	15000	-0.026632	-118.826155
872	0.005748	15000	-0.025642	-118.851797
873	0.005635	15000	-0.025713	-118.877510
874	0.005524	15000	-0.025550	-118.903060
875	0.005414	15000	-0.025098	-118.928158
876	0.005306	15000	-0.024837	-118.952996
877	0.005199	15000	-0.025047	-118.978042
878	0.005093	15000	-0.024545	-119.002588
879	0.004988	15000	-0.024374	-119.026961
880	0.004885	15000	-0.024490	-119.051451
881	0.004783	15000	-0.024589	-119.076040
882	0.004682	15000	-0.024053	-119.100093
883	0.004583	15000	-0.023995	-119.124087
884	0.004485	15000	-0.023215	-119.147303
885	0.004388	15000	-0.023507	-119.170810
886	0.004292	15000	-0.022999	-119.193808
887	0.004198	15000	-0.022978	-119.216786
888	0.004105	15000	-0.022493	-119.239280
889	0.004013	15000	-0.022450	-119.261730
890	0.003923	15000	-0.022107	-119.283837
891	0.003833	15000	-0.021731	-119.305568
892	0.003745	15000	-0.021756	-119.327325
893	0.003658	15000	-0.021349	-119.348674
894	0.003573	15000	-0.021531	-119.370205
895	0.003488	15000	-0.021039	-119.391244
896	0.003405	15000	-0.020996	-119.412240
897	0.003323	15000	-0.020404	-119.432644
898	0.003242	15000	-0.020064	-119.452709
899	0.003162	15000	-0.020456	-119.473164
900	0.003084	15000	-0.020325	-119.493489
901	0.003007	15000	-0.020040	-119.513530
902	0.002930	15000	-0.019642	-119.533171
903	0.002855	15000	-0.019028	-119.552199
904	0.002782	15000	-0.019120	-119.571319
905	0.002709	15000	-0.018284	-119.589603
906	0.002638	15000	-0.018593	-119.608196
907	0.002567	15000	-0.018026	-119.626222
908	0.002498	15000	-0.017506	-119.643728
909	0.002430	15000	-0.017223	-119.660951
910	0.002363	15000	-0.017272	-119.678222
911	0.002297	15000	-0.017673	-119.695895
912	0.002233	15000	-0.017082	-119.712977
913	0.002169	15000	-0.016994	-119.729970
914	0.002106	15000	-0.016473	-119.746444
915	0.002045	15000	-0.016174	-119.762618
916	0.001985	15000	-0.016339	-119.778957
917	0.001925	15000	-0.015909	-119.794865
918	0.001867	15000	-0.015748	-119.810613
919	0.001810	15000	-0.015337	-119.825950
920	0.001754	15000	-0.015330	-119.841280
921	0.001699	15000	-0.014788	-119.856068
922	0.001645	15000	-0.014748	-119.870816
923	0.001592	15000	-0.014411	-119.885227
924	0.001540	15000	-0.014377	-119.899603
925	0.001490	15000	-0.013921	-119.913525
926	0.001440	15000	-0.013374	-119.926899
927	0.001391	15000	-0.013028	-119.939927
928	0.001343	15000	-0.013299	-119.953226
929	0.001296	15000	-0.012764	-119.965990
930	0.001251	15000	-0.012518	-119.978508
931	0.001206	15000	-0.012249	-119.990757
932	0.001162	15000	-0.012252	-120.003008
933	0.001119	15000	-0.012311	-120.015319
934	0.001077	15000	-0.011494	-120.026813
935	0.001036	15000	-0.011461	-120.038273
936	0.000996	15000	-0.011275	-120.049549
937	0.000957	15000	-0.011034	-120.060583
938	0.000919	15000	-0.010584	-120.071167
939	0.000882	15000	-0.010241	-120.081409
940	0.000846	15000	-0.010261	-120.091669
941	0.000810	15000	-0.010030	-120.101699
942	0.000776	15000	-0.009899	-120.111598
943	0.000742	15000	-0.009434	-120.121032
944	0.000709	15000	-0.009321	-120.130353
945	0.000678	15000	-0.008989	-120.139342
946	0.000647	15000	-0.009067	-120.148409
947	0.000617	15000	-0.008886	-120.157295
948	0.000587	15000	-0.008456	-120.165751
949	0.000559	15000	-0.008154	-120.173905
950	0.000531	15000	-0.008312	-120.182217
951	0.000505	15000	-0.007680	-120.189897
952	0.000479	15000	-0.007716	-120.197613
953	0.000454	15000	-0.007279	-120.204892
954	0.000430	15000	-0.007138	-120.212030
955	0.000406	15000	-0.007056	-120.219086
956	0.000383	15000	-0.006660	-120.225746
957	0.000362	15000	-0.006405	-120.232151
958	0.000340	15000	-0.006413	-120.238564
959	0.000320	15000	-0.006253	-120.244817
960	0.000300	15000	-0.005826	-120.250643
961	0.000281	15000	-0.005459	-120.256102
962	0.000263	15000	-0.005295	-120.261396
963	0.000246	15000	-0.005051	-120.266447
964	0.000229	15000	-0.005085	-120.271532
965	0.000213	15000	-0.004694	-120.276227
966	0.000198	15000	-0.004578	-120.280804
967	0.000183	15000	-0.004446	-120.285251
968	0.000169	15000	-0.004178	-120.289428
969	0.000156	15000	-0.003939	-120.293367
970	0.000143	15000	-0.003854	-120.297221
971	0.000131	15000	-0.003511	-120.300732
972	0.000120	15000	-0.003345	-120.304077
973	0.000109	15000	-0.003254	-120.307332
974	0.000099	15000	-0.003138	-120.310469
975	0.000089	15000	-0.002964	-120.313433
976	0.000080	15000	-0.002691	-120.316124
977	0.000072	15000	-0.002536	-120.318660
978	0.000064	15000	-0.002308	-120.320967
979	0.000057	15000	-0.002190	-120.323158
980	0.000050	15000	-0.002087	-120.325244
981	0.000043	15000	-0.002013	-120.327257
982	0.000038	15000	-0.001723	-120.328980
983	0.000032	15000	-0.001612	-120.330592
984	0.000028	15000	-0.001403	-120.331995
985	0.000023	15000	-0.001350	-120.333346
986	0.000019	15000	-0.001178	-120.334524
987	0.000016	15000	-0.001087	-120.335611
988	0.000013	15000	-0.000912	-120.336523
989	0.000010	15000	-0.000823	-120.337345
990	0.000008	15000	-0.000702	-120.338048
991	0.000006	15000	-0.000591	-120.338639
992	0.000004	15000	-0.000483	-120.339122
993	0.000003	15000	-0.000385	-120.339507
994	0.000002	15000	-0.000298	-120.339805
995	0.000001	15000	-0.000229	-120.340034
996	0.000000	15000	-0.000161	-120.340195
997	0.000000	15000	-0.000093	-120.340288
998	0.000000	15000	-0.000046	-120.340333
999	0.000000	15000	-0.000010	-120.340343
Log marginal likelihood:	-120.340343
