Steppingstone sampler:
        No Stones:                  1000
        Start It:                   10000001
        It Per Stone:               20000
        Sample Freq:                1
        Dist:                       Beta(0.400000,1.000000)
Stone No	Power	N	Stone MLh	Running MLh
0	0.997502	15000	-0.258722	-0.258722
1	0.995007	15000	-0.258204	-0.516926
2	0.992517	15000	-0.257511	-0.774437
3	0.990030	15000	-0.257288	-1.031724
4	0.987547	15000	-0.256894	-1.288618
5	0.985067	15000	-0.256778	-1.545397
6	0.982592	15000	-0.256058	-1.801455
7	0.980120	15000	-0.256025	-2.057480
8	0.977652	15000	-0.255442	-2.312922
9	0.975187	15000	-0.255173	-2.568095
10	0.972726	15000	-0.254759	-2.822853
11	0.970269	15000	-0.254272	-3.077125
12	0.967816	15000	-0.253977	-3.331102
13	0.965367	15000	-0.253671	-3.584773
14	0.962921	15000	-0.253258	-3.838031
15	0.960479	15000	-0.253059	-4.091090
16	0.958040	15000	-0.252424	-4.343514
17	0.955606	15000	-0.252250	-4.595764
18	0.953175	15000	-0.251931	-4.847696
19	0.950747	15000	-0.251552	-5.099247
20	0.948324	15000	-0.251164	-5.350411
21	0.945904	15000	-0.250534	-5.600945
22	0.943488	15000	-0.250179	-5.851124
23	0.941076	15000	-0.249911	-6.101034
24	0.938667	15000	-0.249276	-6.350311
25	0.936262	15000	-0.249390	-6.599701
26	0.933861	15000	-0.248995	-6.848697
27	0.931463	15000	-0.248605	-7.097301
28	0.929069	15000	-0.248066	-7.345367
29	0.926679	15000	-0.248010	-7.593377
30	0.924293	15000	-0.247624	-7.841002
31	0.921910	15000	-0.246942	-8.087943
32	0.919531	15000	-0.246491	-8.334435
33	0.917155	15000	-0.245908	-8.580343
34	0.914783	15000	-0.245699	-8.826042
35	0.912415	15000	-0.245950	-9.071992
36	0.910051	15000	-0.244863	-9.316855
37	0.907690	15000	-0.244728	-9.561583
38	0.905333	15000	-0.244112	-9.805695
39	0.902980	15000	-0.244086	-10.049780
40	0.900630	15000	-0.243746	-10.293527
41	0.898284	15000	-0.243459	-10.536986
42	0.895942	15000	-0.243233	-10.780219
43	0.893603	15000	-0.242273	-11.022493
44	0.891268	15000	-0.242454	-11.264947
45	0.888937	15000	-0.241579	-11.506526
46	0.886609	15000	-0.241546	-11.748072
47	0.884285	15000	-0.241077	-11.989149
48	0.881965	15000	-0.240718	-12.229867
49	0.879648	15000	-0.240531	-12.470399
50	0.877335	15000	-0.240205	-12.710603
51	0.875026	15000	-0.239651	-12.950254
52	0.872720	15000	-0.260556	-13.210810
53	0.870418	15000	-0.275570	-13.486380
54	0.868120	15000	-0.242658	-13.729038
55	0.865825	15000	-0.238494	-13.967533
56	0.863534	15000	-0.237697	-14.205230
57	0.861246	15000	-0.237617	-14.442847
58	0.858962	15000	-0.236958	-14.679805
59	0.856682	15000	-0.236674	-14.916480
60	0.854405	15000	-0.236418	-15.152898
61	0.852132	15000	-0.236016	-15.388914
62	0.849863	15000	-0.235818	-15.624733
63	0.847597	15000	-0.234992	-15.859725
64	0.845335	15000	-0.235005	-16.094730
65	0.843077	15000	-0.234894	-16.329624
66	0.840822	15000	-0.234359	-16.563983
67	0.838571	15000	-0.234026	-16.798009
68	0.836323	15000	-0.233487	-17.031496
69	0.834079	15000	-0.233402	-17.264898
70	0.831839	15000	-0.232863	-17.497761
71	0.829602	15000	-0.232371	-17.730132
72	0.827369	15000	-0.232297	-17.962429
73	0.825140	15000	-0.250844	-18.213273
74	0.822914	15000	-0.267073	-18.480346
75	0.820691	15000	-0.266388	-18.746733
76	0.818473	15000	-0.265816	-19.012550
77	0.816258	15000	-0.265118	-19.277668
78	0.814046	15000	-0.248494	-19.526162
79	0.811838	15000	-0.229786	-19.755948
80	0.809634	15000	-0.229471	-19.985419
81	0.807433	15000	-0.228901	-20.214319
82	0.805236	15000	-0.260787	-20.475106
83	0.803043	15000	-0.262789	-20.737896
84	0.800853	15000	-0.262068	-20.999963
85	0.798667	15000	-0.262296	-21.262259
86	0.796484	15000	-0.261986	-21.524245
87	0.794305	15000	-0.260845	-21.785089
88	0.792129	15000	-0.261120	-22.046209
89	0.789957	15000	-0.261107	-22.307316
90	0.787789	15000	-0.260026	-22.567343
91	0.785624	15000	-0.259337	-22.826680
92	0.783463	15000	-0.258883	-23.085562
93	0.781305	15000	-0.258797	-23.344359
94	0.779151	15000	-0.258644	-23.603003
95	0.777000	15000	-0.258159	-23.861162
96	0.774853	15000	-0.257709	-24.118871
97	0.772710	15000	-0.257001	-24.375872
98	0.770570	15000	-0.232975	-24.608847
99	0.768433	15000	-0.222665	-24.831512
100	0.766301	15000	-0.222267	-25.053780
101	0.764172	15000	-0.221782	-25.275562
102	0.762046	15000	-0.221361	-25.496923
103	0.759924	15000	-0.255226	-25.752148
104	0.757805	15000	-0.254969	-26.007117
105	0.755690	15000	-0.253513	-26.260630
106	0.753579	15000	-0.253483	-26.514113
107	0.751471	15000	-0.252744	-26.766857
108	0.749366	15000	-0.252471	-27.019328
109	0.747266	15000	-0.251800	-27.271128
110	0.745168	15000	-0.251664	-27.522792
111	0.743075	15000	-0.251688	-27.774481
112	0.740984	15000	-0.251271	-28.025752
113	0.738898	15000	-0.250678	-28.276430
114	0.736815	15000	-0.250293	-28.526723
115	0.734735	15000	-0.249928	-28.776651
116	0.732659	15000	-0.249074	-29.025725
117	0.730586	15000	-0.249027	-29.274752
118	0.728517	15000	-0.248528	-29.523280
119	0.726452	15000	-0.215763	-29.739043
120	0.724390	15000	-0.214876	-29.953919
121	0.722331	15000	-0.214539	-30.168458
122	0.720276	15000	-0.246673	-30.415131
123	0.718225	15000	-0.241377	-30.656508
124	0.716177	15000	-0.246251	-30.902759
125	0.714132	15000	-0.245445	-31.148204
126	0.712091	15000	-0.245081	-31.393285
127	0.710054	15000	-0.244585	-31.637870
128	0.708020	15000	-0.244302	-31.882172
129	0.705989	15000	-0.243481	-32.125654
130	0.703962	15000	-0.243869	-32.369523
131	0.701939	15000	-0.243147	-32.612670
132	0.699919	15000	-0.242713	-32.855383
133	0.697902	15000	-0.242036	-33.097420
134	0.695889	15000	-0.241989	-33.339408
135	0.693880	15000	-0.241560	-33.580968
136	0.691874	15000	-0.241234	-33.822202
137	0.689871	15000	-0.241015	-34.063217
138	0.687872	15000	-0.240480	-34.303697
139	0.685877	15000	-0.239878	-34.543575
140	0.683885	15000	-0.239766	-34.783341
141	0.681896	15000	-0.239763	-35.023104
142	0.679911	15000	-0.238394	-35.261498
143	0.677929	15000	-0.238684	-35.500183
144	0.675951	15000	-0.238125	-35.738307
145	0.673976	15000	-0.237355	-35.975662
146	0.672005	15000	-0.236870	-36.212532
147	0.670037	15000	-0.236767	-36.449299
148	0.668073	15000	-0.236255	-36.685555
149	0.666112	15000	-0.235865	-36.921420
150	0.664155	15000	-0.235575	-37.156994
151	0.662201	15000	-0.235490	-37.392484
152	0.660250	15000	-0.235500	-37.627984
153	0.658303	15000	-0.234704	-37.862688
154	0.656359	15000	-0.233978	-38.096666
155	0.654419	15000	-0.233796	-38.330462
156	0.652483	15000	-0.232569	-38.563032
157	0.650549	15000	-0.232864	-38.795896
158	0.648619	15000	-0.232491	-39.028387
159	0.646693	15000	-0.201772	-39.230159
160	0.644770	15000	-0.201158	-39.431316
161	0.642851	15000	-0.207681	-39.638998
162	0.640934	15000	-0.230849	-39.869847
163	0.639022	15000	-0.230546	-40.100393
164	0.637113	15000	-0.230479	-40.330872
165	0.635207	15000	-0.229636	-40.560508
166	0.633304	15000	-0.229749	-40.790257
167	0.631405	15000	-0.228679	-41.018936
168	0.629510	15000	-0.228650	-41.247586
169	0.627618	15000	-0.228316	-41.475901
170	0.625729	15000	-0.228060	-41.703961
171	0.623844	15000	-0.226981	-41.930942
172	0.621962	15000	-0.227275	-42.158217
173	0.620083	15000	-0.219609	-42.377826
174	0.618208	15000	-0.226169	-42.603995
175	0.616337	15000	-0.225800	-42.829795
176	0.614468	15000	-0.225340	-43.055136
177	0.612604	15000	-0.225464	-43.280599
178	0.610742	15000	-0.224833	-43.505432
179	0.608884	15000	-0.224222	-43.729655
180	0.607029	15000	-0.223979	-43.953634
181	0.605178	15000	-0.223173	-44.176807
182	0.603330	15000	-0.222762	-44.399569
183	0.601486	15000	-0.222683	-44.622252
184	0.599645	15000	-0.222513	-44.844765
185	0.597807	15000	-0.222110	-45.066876
186	0.595973	15000	-0.221482	-45.288357
187	0.594142	15000	-0.220933	-45.509290
188	0.592314	15000	-0.210472	-45.719762
189	0.590490	15000	-0.220281	-45.940043
190	0.588669	15000	-0.220355	-46.160398
191	0.586852	15000	-0.219075	-46.379474
192	0.585038	15000	-0.219215	-46.598688
193	0.583227	15000	-0.219179	-46.817867
194	0.581420	15000	-0.217495	-47.035363
195	0.579616	15000	-0.218459	-47.253821
196	0.577815	15000	-0.217448	-47.471269
197	0.576018	15000	-0.217461	-47.688730
198	0.574224	15000	-0.217310	-47.906039
199	0.572433	15000	-0.216745	-48.122784
200	0.570646	15000	-0.215709	-48.338493
201	0.568862	15000	-0.215517	-48.554011
202	0.567082	15000	-0.215167	-48.769178
203	0.565305	15000	-0.215189	-48.984367
204	0.563531	15000	-0.214872	-49.199239
205	0.561761	15000	-0.214126	-49.413364
206	0.559993	15000	-0.213925	-49.627289
207	0.558230	15000	-0.213531	-49.840821
208	0.556469	15000	-0.213093	-50.053913
209	0.554712	15000	-0.212829	-50.266742
210	0.552958	15000	-0.212027	-50.478769
211	0.551208	15000	-0.211639	-50.690408
212	0.549461	15000	-0.211592	-50.902000
213	0.547717	15000	-0.210867	-51.112867
214	0.545977	15000	-0.210999	-51.323866
215	0.544240	15000	-0.209903	-51.533769
216	0.542506	15000	-0.209756	-51.743525
217	0.540775	15000	-0.209772	-51.953297
218	0.539048	15000	-0.203562	-52.156858
219	0.537324	15000	-0.209156	-52.366014
220	0.535604	15000	-0.207954	-52.573968
221	0.533887	15000	-0.208120	-52.782088
222	0.532173	15000	-0.207859	-52.989947
223	0.530462	15000	-0.207646	-53.197594
224	0.528755	15000	-0.207122	-53.404715
225	0.527051	15000	-0.207386	-53.612101
226	0.525350	15000	-0.206425	-53.818526
227	0.523653	15000	-0.205861	-54.024387
228	0.521958	15000	-0.204666	-54.229052
229	0.520268	15000	-0.205390	-54.434442
230	0.518580	15000	-0.205029	-54.639472
231	0.516896	15000	-0.204046	-54.843518
232	0.515215	15000	-0.203325	-55.046843
233	0.513537	15000	-0.203621	-55.250464
234	0.511863	15000	-0.203679	-55.454143
235	0.510192	15000	-0.202730	-55.656873
236	0.508524	15000	-0.199782	-55.856655
237	0.506859	15000	-0.201889	-56.058544
238	0.505198	15000	-0.202241	-56.260785
239	0.503540	15000	-0.201221	-56.462006
240	0.501885	15000	-0.200576	-56.662582
241	0.500234	15000	-0.201481	-56.864063
242	0.498586	15000	-0.200463	-57.064525
243	0.496941	15000	-0.199355	-57.263881
244	0.495299	15000	-0.199616	-57.463496
245	0.493660	15000	-0.199542	-57.663038
246	0.492025	15000	-0.199255	-57.862294
247	0.490393	15000	-0.198030	-58.060324
248	0.488765	15000	-0.197964	-58.258288
249	0.487139	15000	-0.197715	-58.456004
250	0.485517	15000	-0.197622	-58.653626
251	0.483898	15000	-0.197428	-58.851054
252	0.482283	15000	-0.196719	-59.047773
253	0.480670	15000	-0.195958	-59.243732
254	0.479061	15000	-0.196069	-59.439801
255	0.477455	15000	-0.181227	-59.621028
256	0.475852	15000	-0.195005	-59.816033
257	0.474253	15000	-0.194215	-60.010248
258	0.472656	15000	-0.194553	-60.204801
259	0.471063	15000	-0.193578	-60.398379
260	0.469474	15000	-0.193607	-60.591986
261	0.467887	15000	-0.193657	-60.785643
262	0.466304	15000	-0.192824	-60.978467
263	0.464723	15000	-0.192450	-61.170916
264	0.463146	15000	-0.191661	-61.362577
265	0.461573	15000	-0.191480	-61.554057
266	0.460002	15000	-0.191180	-61.745237
267	0.458435	15000	-0.190496	-61.935733
268	0.456871	15000	-0.190392	-62.126124
269	0.455310	15000	-0.190007	-62.316131
270	0.453752	15000	-0.189835	-62.505966
271	0.452198	15000	-0.189628	-62.695595
272	0.450647	15000	-0.189403	-62.884998
273	0.449098	15000	-0.189075	-63.074073
274	0.447554	15000	-0.187738	-63.261810
275	0.446012	15000	-0.188188	-63.449998
276	0.444473	15000	-0.187798	-63.637796
277	0.442938	15000	-0.187436	-63.825232
278	0.441406	15000	-0.186536	-64.011769
279	0.439877	15000	-0.186895	-64.198664
280	0.438351	15000	-0.186263	-64.384927
281	0.436829	15000	-0.185726	-64.570653
282	0.435309	15000	-0.185368	-64.756020
283	0.433793	15000	-0.184878	-64.940898
284	0.432280	15000	-0.184104	-65.125002
285	0.430770	15000	-0.184473	-65.309475
286	0.429263	15000	-0.184323	-65.493798
287	0.427760	15000	-0.183443	-65.677241
288	0.426259	15000	-0.183145	-65.860386
289	0.424762	15000	-0.182660	-66.043047
290	0.423268	15000	-0.182854	-66.225900
291	0.421777	15000	-0.181998	-66.407899
292	0.420289	15000	-0.181161	-66.589059
293	0.418805	15000	-0.180935	-66.769995
294	0.417323	15000	-0.181010	-66.951005
295	0.415845	15000	-0.180549	-67.131554
296	0.414370	15000	-0.181124	-67.312678
297	0.412898	15000	-0.179991	-67.492669
298	0.411429	15000	-0.179822	-67.672492
299	0.409963	15000	-0.179574	-67.852066
300	0.408501	15000	-0.178676	-68.030742
301	0.407041	15000	-0.178874	-68.209616
302	0.405585	15000	-0.178432	-68.388048
303	0.404132	15000	-0.178520	-68.566568
304	0.402682	15000	-0.175924	-68.742492
305	0.401235	15000	-0.177309	-68.919801
306	0.399791	15000	-0.177192	-69.096993
307	0.398350	15000	-0.177286	-69.274279
308	0.396913	15000	-0.176310	-69.450589
309	0.395478	15000	-0.175074	-69.625664
310	0.394047	15000	-0.176469	-69.802133
311	0.392619	15000	-0.174946	-69.977078
312	0.391194	15000	-0.174920	-70.151998
313	0.389772	15000	-0.173978	-70.325976
314	0.388353	15000	-0.174113	-70.500090
315	0.386937	15000	-0.173710	-70.673800
316	0.385524	15000	-0.172799	-70.846599
317	0.384115	15000	-0.172531	-71.019130
318	0.382708	15000	-0.172664	-71.191794
319	0.381305	15000	-0.172538	-71.364332
320	0.379904	15000	-0.172096	-71.536428
321	0.378507	15000	-0.171900	-71.708328
322	0.377113	15000	-0.171537	-71.879866
323	0.375722	15000	-0.170895	-72.050761
324	0.374334	15000	-0.170760	-72.221521
325	0.372949	15000	-0.169792	-72.391313
326	0.371567	15000	-0.170093	-72.561406
327	0.370189	15000	-0.169290	-72.730696
328	0.368813	15000	-0.168960	-72.899656
329	0.367440	15000	-0.168321	-73.067977
330	0.366071	15000	-0.168523	-73.236500
331	0.364705	15000	-0.168056	-73.404555
332	0.363341	15000	-0.167610	-73.572165
333	0.361981	15000	-0.167848	-73.740013
334	0.360624	15000	-0.167121	-73.907134
335	0.359269	15000	-0.166159	-74.073293
336	0.357918	15000	-0.166000	-74.239293
337	0.356570	15000	-0.166194	-74.405487
338	0.355225	15000	-0.165653	-74.571141
339	0.353883	15000	-0.165231	-74.736372
340	0.352544	15000	-0.165235	-74.901607
341	0.351208	15000	-0.165212	-75.066820
342	0.349875	15000	-0.164056	-75.230876
343	0.348546	15000	-0.163668	-75.394544
344	0.347219	15000	-0.163643	-75.558186
345	0.345895	15000	-0.163034	-75.721221
346	0.344574	15000	-0.162758	-75.883978
347	0.343257	15000	-0.162251	-76.046229
348	0.341942	15000	-0.162427	-76.208656
349	0.340630	15000	-0.161840	-76.370496
350	0.339322	15000	-0.161311	-76.531807
351	0.338016	15000	-0.160941	-76.692748
352	0.336714	15000	-0.160604	-76.853352
353	0.335414	15000	-0.160891	-77.014242
354	0.334118	15000	-0.160143	-77.174385
355	0.332824	15000	-0.159902	-77.334288
356	0.331534	15000	-0.159575	-77.493862
357	0.330246	15000	-0.159063	-77.652925
358	0.328962	15000	-0.158719	-77.811644
359	0.327680	15000	-0.158860	-77.970504
360	0.326401	15000	-0.158280	-78.128784
361	0.325126	15000	-0.158234	-78.287018
362	0.323853	15000	-0.157651	-78.444669
363	0.322584	15000	-0.156826	-78.601495
364	0.321317	15000	-0.156799	-78.758294
365	0.320054	15000	-0.156742	-78.915036
366	0.318793	15000	-0.156331	-79.071367
367	0.317536	15000	-0.156381	-79.227748
368	0.316281	15000	-0.155420	-79.383169
369	0.315030	15000	-0.155055	-79.538224
370	0.313781	15000	-0.154131	-79.692355
371	0.312535	15000	-0.154540	-79.846894
372	0.311293	15000	-0.154275	-80.001169
373	0.310053	15000	-0.153452	-80.154622
374	0.308816	15000	-0.152939	-80.307561
375	0.307582	15000	-0.152304	-80.459866
376	0.306352	15000	-0.153081	-80.612946
377	0.305124	15000	-0.152280	-80.765226
378	0.303899	15000	-0.152393	-80.917619
379	0.302677	15000	-0.151741	-81.069360
380	0.301458	15000	-0.151770	-81.221130
381	0.300242	15000	-0.151814	-81.372944
382	0.299029	15000	-0.150390	-81.523334
383	0.297819	15000	-0.150457	-81.673791
384	0.296611	15000	-0.149820	-81.823611
385	0.295407	15000	-0.150154	-81.973765
386	0.294206	15000	-0.149335	-82.123100
387	0.293007	15000	-0.148948	-82.272048
388	0.291812	15000	-0.148877	-82.420924
389	0.290619	15000	-0.148001	-82.568925
390	0.289430	15000	-0.148091	-82.717016
391	0.288243	15000	-0.148961	-82.865977
392	0.287059	15000	-0.147536	-83.013513
393	0.285879	15000	-0.147525	-83.161039
394	0.284701	15000	-0.146604	-83.307643
395	0.283526	15000	-0.147092	-83.454734
396	0.282354	15000	-0.146034	-83.600769
397	0.281184	15000	-0.145787	-83.746556
398	0.280018	15000	-0.144841	-83.891397
399	0.278855	15000	-0.146097	-84.037494
400	0.277694	15000	-0.145055	-84.182549
401	0.276537	15000	-0.145123	-84.327671
402	0.275382	15000	-0.144827	-84.472498
403	0.274230	15000	-0.144272	-84.616771
404	0.273082	15000	-0.144134	-84.760905
405	0.271936	15000	-0.143245	-84.904150
406	0.270793	15000	-0.143353	-85.047503
407	0.269652	15000	-0.142411	-85.189914
408	0.268515	15000	-0.141732	-85.331646
409	0.267381	15000	-0.142472	-85.474118
410	0.266249	15000	-0.141838	-85.615956
411	0.265121	15000	-0.141956	-85.757912
412	0.263995	15000	-0.140819	-85.898731
413	0.262872	15000	-0.140967	-86.039698
414	0.261752	15000	-0.140580	-86.180278
415	0.260635	15000	-0.140411	-86.320689
416	0.259520	15000	-0.139893	-86.460582
417	0.258409	15000	-0.139257	-86.599838
418	0.257300	15000	-0.139311	-86.739149
419	0.256195	15000	-0.139227	-86.878377
420	0.255092	15000	-0.138693	-87.017070
421	0.253992	15000	-0.138092	-87.155162
422	0.252895	15000	-0.138087	-87.293249
423	0.251800	15000	-0.137548	-87.430796
424	0.250709	15000	-0.137796	-87.568593
425	0.249620	15000	-0.137097	-87.705690
426	0.248534	15000	-0.136694	-87.842384
427	0.247451	15000	-0.136985	-87.979369
428	0.246371	15000	-0.135437	-88.114806
429	0.245294	15000	-0.136782	-88.251588
430	0.244220	15000	-0.135883	-88.387471
431	0.243148	15000	-0.136055	-88.523526
432	0.242079	15000	-0.134828	-88.658354
433	0.241013	15000	-0.134113	-88.792467
434	0.239950	15000	-0.133432	-88.925899
435	0.238890	15000	-0.133522	-89.059422
436	0.237832	15000	-0.133391	-89.192812
437	0.236778	15000	-0.133297	-89.326110
438	0.235726	15000	-0.132914	-89.459023
439	0.234677	15000	-0.132167	-89.591190
440	0.233630	15000	-0.131530	-89.722721
441	0.232587	15000	-0.131747	-89.854467
442	0.231546	15000	-0.131748	-89.986215
443	0.230509	15000	-0.131852	-90.118067
444	0.229473	15000	-0.130496	-90.248563
445	0.228441	15000	-0.131200	-90.379763
446	0.227412	15000	-0.130145	-90.509909
447	0.226385	15000	-0.130094	-90.640003
448	0.225361	15000	-0.130083	-90.770086
449	0.224340	15000	-0.129103	-90.899189
450	0.223322	15000	-0.129177	-91.028366
451	0.222306	15000	-0.128172	-91.156538
452	0.221293	15000	-0.128238	-91.284776
453	0.220283	15000	-0.128466	-91.413242
454	0.219276	15000	-0.128224	-91.541466
455	0.218272	15000	-0.127761	-91.669227
456	0.217270	15000	-0.126664	-91.795891
457	0.216271	15000	-0.126916	-91.922807
458	0.215275	15000	-0.126445	-92.049252
459	0.214281	15000	-0.125847	-92.175099
460	0.213291	15000	-0.126978	-92.302077
461	0.212303	15000	-0.126494	-92.428571
462	0.211318	15000	-0.126066	-92.554636
463	0.210335	15000	-0.125034	-92.679670
464	0.209356	15000	-0.125305	-92.804976
465	0.208379	15000	-0.124873	-92.929849
466	0.207404	15000	-0.124986	-93.054834
467	0.206433	15000	-0.123919	-93.178754
468	0.205464	15000	-0.123815	-93.302569
469	0.204498	15000	-0.123692	-93.426260
470	0.203535	15000	-0.123205	-93.549465
471	0.202575	15000	-0.122768	-93.672233
472	0.201617	15000	-0.122583	-93.794816
473	0.200662	15000	-0.121715	-93.916531
474	0.199709	15000	-0.121670	-94.038201
475	0.198760	15000	-0.121807	-94.160008
476	0.197813	15000	-0.120898	-94.280906
477	0.196869	15000	-0.122155	-94.403061
478	0.195927	15000	-0.121218	-94.524279
479	0.194988	15000	-0.121103	-94.645382
480	0.194052	15000	-0.119265	-94.764647
481	0.193119	15000	-0.120052	-94.884699
482	0.192188	15000	-0.119228	-95.003927
483	0.191260	15000	-0.119379	-95.123306
484	0.190335	15000	-0.120575	-95.243881
485	0.189412	15000	-0.118921	-95.362802
486	0.188492	15000	-0.118805	-95.481607
487	0.187575	15000	-0.117489	-95.599096
488	0.186660	15000	-0.118276	-95.717371
489	0.185749	15000	-0.117393	-95.834764
490	0.184839	15000	-0.117682	-95.952446
491	0.183933	15000	-0.117442	-96.069888
492	0.183029	15000	-0.116686	-96.186573
493	0.182128	15000	-0.115777	-96.302350
494	0.181229	15000	-0.115884	-96.418233
495	0.180333	15000	-0.116359	-96.534592
496	0.179440	15000	-0.115584	-96.650176
497	0.178550	15000	-0.115318	-96.765494
498	0.177662	15000	-0.114994	-96.880488
499	0.176777	15000	-0.115376	-96.995864
500	0.175894	15000	-0.114417	-97.110281
501	0.175014	15000	-0.113281	-97.223562
502	0.174137	15000	-0.114958	-97.338520
503	0.173262	15000	-0.114082	-97.452602
504	0.172390	15000	-0.114938	-97.567539
505	0.171521	15000	-0.113603	-97.681143
506	0.170654	15000	-0.112529	-97.793672
507	0.169790	15000	-0.112273	-97.905945
508	0.168929	15000	-0.112568	-98.018513
509	0.168070	15000	-0.112944	-98.131457
510	0.167214	15000	-0.111186	-98.242644
511	0.166360	15000	-0.111362	-98.354006
512	0.165509	15000	-0.110758	-98.464764
513	0.164661	15000	-0.110105	-98.574869
514	0.163815	15000	-0.110432	-98.685301
515	0.162972	15000	-0.110537	-98.795837
516	0.162132	15000	-0.110345	-98.906183
517	0.161294	15000	-0.110329	-99.016512
518	0.160458	15000	-0.108947	-99.125458
519	0.159626	15000	-0.109694	-99.235153
520	0.158796	15000	-0.109526	-99.344679
521	0.157968	15000	-0.108202	-99.452881
522	0.157143	15000	-0.108139	-99.561020
523	0.156321	15000	-0.108532	-99.669552
524	0.155501	15000	-0.108036	-99.777587
525	0.154684	15000	-0.107618	-99.885206
526	0.153870	15000	-0.108052	-99.993258
527	0.153058	15000	-0.107528	-100.100786
528	0.152248	15000	-0.107068	-100.207853
529	0.151441	15000	-0.106743	-100.314596
530	0.150637	15000	-0.105765	-100.420361
531	0.149835	15000	-0.107044	-100.527405
532	0.149036	15000	-0.105032	-100.632437
533	0.148240	15000	-0.104886	-100.737324
534	0.147446	15000	-0.104285	-100.841609
535	0.146654	15000	-0.104616	-100.946225
536	0.145865	15000	-0.104061	-101.050286
537	0.145079	15000	-0.104684	-101.154970
538	0.144295	15000	-0.103567	-101.258537
539	0.143514	15000	-0.102989	-101.361527
540	0.142735	15000	-0.103281	-101.464807
541	0.141959	15000	-0.103374	-101.568181
542	0.141186	15000	-0.103025	-101.671206
543	0.140415	15000	-0.103438	-101.774644
544	0.139646	15000	-0.101668	-101.876312
545	0.138880	15000	-0.102140	-101.978451
546	0.138116	15000	-0.103268	-102.081719
547	0.137356	15000	-0.100980	-102.182699
548	0.136597	15000	-0.100604	-102.283303
549	0.135841	15000	-0.101334	-102.384637
550	0.135088	15000	-0.101447	-102.486084
551	0.134337	15000	-0.100780	-102.586864
552	0.133588	15000	-0.099619	-102.686483
553	0.132843	15000	-0.100591	-102.787074
554	0.132099	15000	-0.098701	-102.885775
555	0.131358	15000	-0.099278	-102.985054
556	0.130620	15000	-0.098878	-103.083932
557	0.129884	15000	-0.098426	-103.182358
558	0.129151	15000	-0.098760	-103.281117
559	0.128420	15000	-0.099112	-103.380229
560	0.127691	15000	-0.098125	-103.478354
561	0.126965	15000	-0.097449	-103.575803
562	0.126242	15000	-0.097130	-103.672933
563	0.125521	15000	-0.097583	-103.770516
564	0.124802	15000	-0.097490	-103.868006
565	0.124086	15000	-0.096388	-103.964394
566	0.123373	15000	-0.095959	-104.060353
567	0.122662	15000	-0.096735	-104.157088
568	0.121953	15000	-0.096612	-104.253700
569	0.121247	15000	-0.095143	-104.348843
570	0.120543	15000	-0.095360	-104.444203
571	0.119842	15000	-0.094977	-104.539180
572	0.119143	15000	-0.095318	-104.634498
573	0.118447	15000	-0.094377	-104.728875
574	0.117753	15000	-0.093906	-104.822781
575	0.117062	15000	-0.094133	-104.916914
576	0.116373	15000	-0.094025	-105.010939
577	0.115686	15000	-0.093692	-105.104631
578	0.115002	15000	-0.093909	-105.198540
579	0.114320	15000	-0.094523	-105.293062
580	0.113641	15000	-0.093628	-105.386690
581	0.112964	15000	-0.093260	-105.479951
582	0.112290	15000	-0.092356	-105.572306
583	0.111618	15000	-0.093117	-105.665423
584	0.110948	15000	-0.092701	-105.758124
585	0.110281	15000	-0.092225	-105.850348
586	0.109616	15000	-0.091010	-105.941359
587	0.108954	15000	-0.091206	-106.032564
588	0.108294	15000	-0.091423	-106.123987
589	0.107637	15000	-0.091187	-106.215174
590	0.106981	15000	-0.091090	-106.306264
591	0.106329	15000	-0.089556	-106.395821
592	0.105678	15000	-0.090917	-106.486738
593	0.105030	15000	-0.089917	-106.576656
594	0.104385	15000	-0.090586	-106.667242
595	0.103742	15000	-0.091166	-106.758408
596	0.103101	15000	-0.088022	-106.846430
597	0.102463	15000	-0.089322	-106.935752
598	0.101827	15000	-0.088261	-107.024014
599	0.101193	15000	-0.088273	-107.112287
600	0.100562	15000	-0.088057	-107.200344
601	0.099933	15000	-0.087665	-107.288009
602	0.099306	15000	-0.087876	-107.375885
603	0.098682	15000	-0.087953	-107.463838
604	0.098060	15000	-0.087838	-107.551676
605	0.097441	15000	-0.087277	-107.638953
606	0.096824	15000	-0.086612	-107.725565
607	0.096209	15000	-0.085803	-107.811368
608	0.095596	15000	-0.085978	-107.897347
609	0.094986	15000	-0.086194	-107.983541
610	0.094379	15000	-0.084735	-108.068276
611	0.093773	15000	-0.085166	-108.153442
612	0.093170	15000	-0.085367	-108.238809
613	0.092570	15000	-0.084776	-108.323585
614	0.091971	15000	-0.084472	-108.408056
615	0.091375	15000	-0.084781	-108.492837
616	0.090781	15000	-0.085230	-108.578067
617	0.090190	15000	-0.084323	-108.662391
618	0.089601	15000	-0.084200	-108.746590
619	0.089014	15000	-0.083191	-108.829782
620	0.088430	15000	-0.083623	-108.913404
621	0.087848	15000	-0.083936	-108.997341
622	0.087268	15000	-0.084033	-109.081374
623	0.086690	15000	-0.082881	-109.164254
624	0.086115	15000	-0.081700	-109.245955
625	0.085542	15000	-0.081939	-109.327893
626	0.084971	15000	-0.083200	-109.411093
627	0.084403	15000	-0.081544	-109.492637
628	0.083837	15000	-0.081128	-109.573765
629	0.083273	15000	-0.081536	-109.655301
630	0.082712	15000	-0.081509	-109.736810
631	0.082152	15000	-0.079845	-109.816656
632	0.081595	15000	-0.081150	-109.897805
633	0.081041	15000	-0.080161	-109.977966
634	0.080488	15000	-0.081039	-110.059004
635	0.079938	15000	-0.079653	-110.138657
636	0.079390	15000	-0.079207	-110.217864
637	0.078845	15000	-0.079457	-110.297321
638	0.078301	15000	-0.079854	-110.377175
639	0.077760	15000	-0.079532	-110.456707
640	0.077221	15000	-0.079731	-110.536438
641	0.076684	15000	-0.078756	-110.615194
642	0.076150	15000	-0.078722	-110.693916
643	0.075618	15000	-0.078760	-110.772676
644	0.075088	15000	-0.078483	-110.851159
645	0.074560	15000	-0.077601	-110.928761
646	0.074035	15000	-0.076816	-111.005577
647	0.073512	15000	-0.077804	-111.083381
648	0.072991	15000	-0.077677	-111.161057
649	0.072472	15000	-0.077196	-111.238253
650	0.071955	15000	-0.076457	-111.314710
651	0.071441	15000	-0.077373	-111.392083
652	0.070929	15000	-0.076804	-111.468888
653	0.070419	15000	-0.076838	-111.545726
654	0.069911	15000	-0.075688	-111.621414
655	0.069406	15000	-0.076745	-111.698159
656	0.068903	15000	-0.075130	-111.773288
657	0.068401	15000	-0.075530	-111.848818
658	0.067903	15000	-0.075228	-111.924047
659	0.067406	15000	-0.074193	-111.998239
660	0.066911	15000	-0.074952	-112.073191
661	0.066419	15000	-0.074952	-112.148143
662	0.065929	15000	-0.075425	-112.223568
663	0.065441	15000	-0.074514	-112.298082
664	0.064955	15000	-0.072653	-112.370736
665	0.064471	15000	-0.073412	-112.444148
666	0.063990	15000	-0.073629	-112.517777
667	0.063510	15000	-0.073539	-112.591316
668	0.063033	15000	-0.072509	-112.663824
669	0.062558	15000	-0.073059	-112.736883
670	0.062085	15000	-0.073313	-112.810196
671	0.061615	15000	-0.072736	-112.882932
672	0.061146	15000	-0.072296	-112.955229
673	0.060680	15000	-0.071155	-113.026384
674	0.060216	15000	-0.071525	-113.097909
675	0.059753	15000	-0.072110	-113.170019
676	0.059293	15000	-0.070829	-113.240848
677	0.058836	15000	-0.071717	-113.312565
678	0.058380	15000	-0.071445	-113.384009
679	0.057926	15000	-0.070204	-113.454213
680	0.057475	15000	-0.070575	-113.524788
681	0.057025	15000	-0.071231	-113.596019
682	0.056578	15000	-0.069592	-113.665611
683	0.056133	15000	-0.069594	-113.735205
684	0.055690	15000	-0.070031	-113.805236
685	0.055249	15000	-0.070419	-113.875655
686	0.054810	15000	-0.070164	-113.945819
687	0.054373	15000	-0.068780	-114.014600
688	0.053939	15000	-0.069153	-114.083753
689	0.053506	15000	-0.067449	-114.151202
690	0.053076	15000	-0.067451	-114.218653
691	0.052647	15000	-0.067952	-114.286605
692	0.052221	15000	-0.068756	-114.355361
693	0.051797	15000	-0.066979	-114.422340
694	0.051375	15000	-0.067853	-114.490194
695	0.050955	15000	-0.067127	-114.557321
696	0.050537	15000	-0.066432	-114.623753
697	0.050121	15000	-0.066826	-114.690579
698	0.049707	15000	-0.066405	-114.756984
699	0.049295	15000	-0.066265	-114.823250
700	0.048885	15000	-0.066518	-114.889768
701	0.048478	15000	-0.065252	-114.955020
702	0.048072	15000	-0.066260	-115.021280
703	0.047668	15000	-0.064732	-115.086012
704	0.047267	15000	-0.065033	-115.151045
705	0.046867	15000	-0.065032	-115.216077
706	0.046470	15000	-0.065810	-115.281887
707	0.046074	15000	-0.065257	-115.347144
708	0.045681	15000	-0.064787	-115.411930
709	0.045289	15000	-0.064203	-115.476134
710	0.044900	15000	-0.064561	-115.540694
711	0.044512	15000	-0.063736	-115.604431
712	0.044127	15000	-0.063748	-115.668179
713	0.043744	15000	-0.064459	-115.732638
714	0.043362	15000	-0.063610	-115.796247
715	0.042983	15000	-0.062394	-115.858641
716	0.042606	15000	-0.063066	-115.921707
717	0.042230	15000	-0.062369	-115.984076
718	0.041857	15000	-0.063115	-116.047191
719	0.041485	15000	-0.062571	-116.109762
720	0.041116	15000	-0.062324	-116.172086
721	0.040749	15000	-0.061934	-116.234020
722	0.040383	15000	-0.060616	-116.294636
723	0.040020	15000	-0.061604	-116.356239
724	0.039658	15000	-0.060702	-116.416942
725	0.039299	15000	-0.061384	-116.478325
726	0.038941	15000	-0.061541	-116.539866
727	0.038585	15000	-0.061290	-116.601156
728	0.038232	15000	-0.060399	-116.661555
729	0.037880	15000	-0.060349	-116.721904
730	0.037530	15000	-0.059782	-116.781686
731	0.037182	15000	-0.059536	-116.841221
732	0.036836	15000	-0.058386	-116.899608
733	0.036493	15000	-0.059314	-116.958922
734	0.036151	15000	-0.059559	-117.018481
735	0.035810	15000	-0.058478	-117.076959
736	0.035472	15000	-0.059222	-117.136181
737	0.035136	15000	-0.058450	-117.194631
738	0.034802	15000	-0.058834	-117.253464
739	0.034469	15000	-0.058277	-117.311741
740	0.034139	15000	-0.058151	-117.369892
741	0.033810	15000	-0.057249	-117.427141
742	0.033484	15000	-0.057127	-117.484268
743	0.033159	15000	-0.057356	-117.541624
744	0.032836	15000	-0.057982	-117.599606
745	0.032515	15000	-0.057164	-117.656769
746	0.032196	15000	-0.057557	-117.714327
747	0.031879	15000	-0.056458	-117.770784
748	0.031563	15000	-0.056266	-117.827051
749	0.031250	15000	-0.056175	-117.883225
750	0.030938	15000	-0.056563	-117.939788
751	0.030629	15000	-0.055574	-117.995363
752	0.030321	15000	-0.055207	-118.050569
753	0.030015	15000	-0.055600	-118.106170
754	0.029711	15000	-0.055488	-118.161658
755	0.029409	15000	-0.054238	-118.215896
756	0.029108	15000	-0.055052	-118.270948
757	0.028810	15000	-0.054084	-118.325031
758	0.028513	15000	-0.054360	-118.379391
759	0.028218	15000	-0.054420	-118.433811
760	0.027925	15000	-0.054848	-118.488660
761	0.027634	15000	-0.052072	-118.540731
762	0.027345	15000	-0.053393	-118.594124
763	0.027057	15000	-0.053275	-118.647399
764	0.026771	15000	-0.052833	-118.700233
765	0.026487	15000	-0.052942	-118.753175
766	0.026205	15000	-0.052364	-118.805539
767	0.025925	15000	-0.053033	-118.858572
768	0.025647	15000	-0.051377	-118.909949
769	0.025370	15000	-0.051697	-118.961646
770	0.025095	15000	-0.050527	-119.012173
771	0.024822	15000	-0.051672	-119.063845
772	0.024551	15000	-0.051377	-119.115222
773	0.024281	15000	-0.050724	-119.165945
774	0.024014	15000	-0.050900	-119.216845
775	0.023748	15000	-0.050022	-119.266867
776	0.023483	15000	-0.049934	-119.316801
777	0.023221	15000	-0.049970	-119.366771
778	0.022960	15000	-0.049876	-119.416647
779	0.022702	15000	-0.048747	-119.465393
780	0.022445	15000	-0.049106	-119.514500
781	0.022189	15000	-0.048909	-119.563409
782	0.021936	15000	-0.048254	-119.611663
783	0.021684	15000	-0.048554	-119.660216
784	0.021434	15000	-0.048465	-119.708681
785	0.021185	15000	-0.048217	-119.756899
786	0.020939	15000	-0.047960	-119.804858
787	0.020694	15000	-0.047492	-119.852351
788	0.020451	15000	-0.047784	-119.900135
789	0.020209	15000	-0.047382	-119.947517
790	0.019969	15000	-0.047013	-119.994530
791	0.019731	15000	-0.046688	-120.041218
792	0.019495	15000	-0.046670	-120.087888
793	0.019261	15000	-0.046528	-120.134416
794	0.019028	15000	-0.045235	-120.179651
795	0.018796	15000	-0.046312	-120.225963
796	0.018567	15000	-0.045348	-120.271311
797	0.018339	15000	-0.045059	-120.316370
798	0.018113	15000	-0.045240	-120.361609
799	0.017889	15000	-0.044952	-120.406561
800	0.017666	15000	-0.045242	-120.451803
801	0.017445	15000	-0.044295	-120.496099
802	0.017225	15000	-0.044037	-120.540136
803	0.017007	15000	-0.043325	-120.583461
804	0.016791	15000	-0.044727	-120.628189
805	0.016577	15000	-0.044018	-120.672206
806	0.016364	15000	-0.043631	-120.715837
807	0.016153	15000	-0.042585	-120.758422
808	0.015943	15000	-0.042498	-120.800920
809	0.015736	15000	-0.042412	-120.843332
810	0.015529	15000	-0.042212	-120.885544
811	0.015325	15000	-0.042213	-120.927758
812	0.015122	15000	-0.042343	-120.970101
813	0.014920	15000	-0.042652	-121.012753
814	0.014721	15000	-0.042233	-121.054987
815	0.014523	15000	-0.041086	-121.096073
816	0.014326	15000	-0.041628	-121.137701
817	0.014131	15000	-0.040713	-121.178414
818	0.013938	15000	-0.039878	-121.218292
819	0.013746	15000	-0.040816	-121.259107
820	0.013556	15000	-0.039656	-121.298764
821	0.013367	15000	-0.039687	-121.338450
822	0.013181	15000	-0.039905	-121.378355
823	0.012995	15000	-0.039044	-121.417400
824	0.012811	15000	-0.038747	-121.456147
825	0.012629	15000	-0.038487	-121.494634
826	0.012448	15000	-0.038274	-121.532908
827	0.012269	15000	-0.037927	-121.570835
828	0.012092	15000	-0.037980	-121.608814
829	0.011916	15000	-0.037576	-121.646390
830	0.011741	15000	-0.037218	-121.683608
831	0.011568	15000	-0.037457	-121.721065
832	0.011397	15000	-0.037144	-121.758209
833	0.011227	15000	-0.036214	-121.794423
834	0.011059	15000	-0.036955	-121.831378
835	0.010892	15000	-0.036747	-121.868125
836	0.010727	15000	-0.036697	-121.904822
837	0.010563	15000	-0.035824	-121.940646
838	0.010401	15000	-0.035610	-121.976256
839	0.010240	15000	-0.035530	-122.011786
840	0.010081	15000	-0.035150	-122.046936
841	0.009923	15000	-0.034768	-122.081703
842	0.009767	15000	-0.034079	-122.115783
843	0.009612	15000	-0.034635	-122.150418
844	0.009459	15000	-0.033604	-122.184021
845	0.009307	15000	-0.033844	-122.217866
846	0.009156	15000	-0.033202	-122.251068
847	0.009008	15000	-0.033491	-122.284560
848	0.008860	15000	-0.032629	-122.317189
849	0.008714	15000	-0.032288	-122.349477
850	0.008570	15000	-0.032455	-122.381932
851	0.008427	15000	-0.031913	-122.413844
852	0.008285	15000	-0.032191	-122.446035
853	0.008145	15000	-0.031403	-122.477438
854	0.008006	15000	-0.031437	-122.508875
855	0.007869	15000	-0.031203	-122.540078
856	0.007733	15000	-0.031315	-122.571393
857	0.007598	15000	-0.031043	-122.602436
858	0.007465	15000	-0.030981	-122.633417
859	0.007334	15000	-0.030328	-122.663745
860	0.007203	15000	-0.030199	-122.693943
861	0.007075	15000	-0.030659	-122.724602
862	0.006947	15000	-0.030027	-122.754629
863	0.006821	15000	-0.029343	-122.783973
864	0.006696	15000	-0.029043	-122.813016
865	0.006573	15000	-0.028857	-122.841873
866	0.006451	15000	-0.028324	-122.870197
867	0.006330	15000	-0.028328	-122.898525
868	0.006211	15000	-0.028005	-122.926530
869	0.006093	15000	-0.027649	-122.954179
870	0.005977	15000	-0.028007	-122.982186
871	0.005862	15000	-0.027659	-123.009845
872	0.005748	15000	-0.026718	-123.036563
873	0.005635	15000	-0.026827	-123.063389
874	0.005524	15000	-0.026534	-123.089923
875	0.005414	15000	-0.026227	-123.116150
876	0.005306	15000	-0.025932	-123.142082
877	0.005199	15000	-0.026113	-123.168195
878	0.005093	15000	-0.025225	-123.193420
879	0.004988	15000	-0.024667	-123.218087
880	0.004885	15000	-0.024847	-123.242934
881	0.004783	15000	-0.024612	-123.267546
882	0.004682	15000	-0.024614	-123.292160
883	0.004583	15000	-0.023941	-123.316102
884	0.004485	15000	-0.023940	-123.340041
885	0.004388	15000	-0.023736	-123.363777
886	0.004292	15000	-0.023292	-123.387069
887	0.004198	15000	-0.022922	-123.409991
888	0.004105	15000	-0.022814	-123.432805
889	0.004013	15000	-0.022361	-123.455166
890	0.003923	15000	-0.021792	-123.476958
891	0.003833	15000	-0.022117	-123.499076
892	0.003745	15000	-0.021849	-123.520925
893	0.003658	15000	-0.021379	-123.542304
894	0.003573	15000	-0.020994	-123.563298
895	0.003488	15000	-0.021279	-123.584577
896	0.003405	15000	-0.020675	-123.605251
897	0.003323	15000	-0.020344	-123.625596
898	0.003242	15000	-0.020180	-123.645776
899	0.003162	15000	-0.019759	-123.665535
900	0.003084	15000	-0.019231	-123.684767
901	0.003007	15000	-0.019896	-123.704662
902	0.002930	15000	-0.018935	-123.723597
903	0.002855	15000	-0.018815	-123.742412
904	0.002782	15000	-0.018576	-123.760988
905	0.002709	15000	-0.018123	-123.779111
906	0.002638	15000	-0.018116	-123.797228
907	0.002567	15000	-0.017397	-123.814625
908	0.002498	15000	-0.016922	-123.831547
909	0.002430	15000	-0.017052	-123.848599
910	0.002363	15000	-0.017047	-123.865647
911	0.002297	15000	-0.016718	-123.882365
912	0.002233	15000	-0.016437	-123.898801
913	0.002169	15000	-0.016016	-123.914817
914	0.002106	15000	-0.016071	-123.930889
915	0.002045	15000	-0.015970	-123.946858
916	0.001985	15000	-0.015217	-123.962076
917	0.001925	15000	-0.015279	-123.977354
918	0.001867	15000	-0.015218	-123.992572
919	0.001810	15000	-0.014632	-124.007204
920	0.001754	15000	-0.014455	-124.021659
921	0.001699	15000	-0.014293	-124.035952
922	0.001645	15000	-0.014106	-124.050059
923	0.001592	15000	-0.013734	-124.063792
924	0.001540	15000	-0.013483	-124.077275
925	0.001490	15000	-0.013140	-124.090415
926	0.001440	15000	-0.013040	-124.103455
927	0.001391	15000	-0.012494	-124.115949
928	0.001343	15000	-0.012464	-124.128412
929	0.001296	15000	-0.012656	-124.141068
930	0.001251	15000	-0.012199	-124.153267
931	0.001206	15000	-0.011825	-124.165091
932	0.001162	15000	-0.011593	-124.176684
933	0.001119	15000	-0.011327	-124.188011
934	0.001077	15000	-0.010845	-124.198856
935	0.001036	15000	-0.010838	-124.209694
936	0.000996	15000	-0.010583	-124.220277
937	0.000957	15000	-0.010558	-124.230835
938	0.000919	15000	-0.010190	-124.241025
939	0.000882	15000	-0.009880	-124.250905
940	0.000846	15000	-0.009464	-124.260369
941	0.000810	15000	-0.009421	-124.269790
942	0.000776	15000	-0.009048	-124.278838
943	0.000742	15000	-0.008859	-124.287697
944	0.000709	15000	-0.008785	-124.296482
945	0.000678	15000	-0.008440	-124.304923
946	0.000647	15000	-0.008134	-124.313057
947	0.000617	15000	-0.008071	-124.321128
948	0.000587	15000	-0.007959	-124.329087
949	0.000559	15000	-0.007547	-124.336633
950	0.000531	15000	-0.007099	-124.343732
951	0.000505	15000	-0.007052	-124.350784
952	0.000479	15000	-0.007149	-124.357933
953	0.000454	15000	-0.006801	-124.364734
954	0.000430	15000	-0.006548	-124.371282
955	0.000406	15000	-0.006203	-124.377485
956	0.000383	15000	-0.006059	-124.383544
957	0.000362	15000	-0.005921	-124.389464
958	0.000340	15000	-0.005791	-124.395256
959	0.000320	15000	-0.005509	-124.400764
960	0.000300	15000	-0.005263	-124.406027
961	0.000281	15000	-0.005257	-124.411284
962	0.000263	15000	-0.004887	-124.416171
963	0.000246	15000	-0.004604	-124.420775
964	0.000229	15000	-0.004493	-124.425268
965	0.000213	15000	-0.004256	-124.429524
966	0.000198	15000	-0.004119	-124.433643
967	0.000183	15000	-0.003958	-124.437601
968	0.000169	15000	-0.003734	-124.441335
969	0.000156	15000	-0.003628	-124.444963
970	0.000143	15000	-0.003541	-124.448504
971	0.000131	15000	-0.003202	-124.451706
972	0.000120	15000	-0.003115	-124.454821
973	0.000109	15000	-0.002870	-124.457691
974	0.000099	15000	-0.002766	-124.460457
975	0.000089	15000	-0.002659	-124.463116
976	0.000080	15000	-0.002389	-124.465505
977	0.000072	15000	-0.002277	-124.467782
978	0.000064	15000	-0.002162	-124.469944
979	0.000057	15000	-0.001997	-124.471942
980	0.000050	15000	-0.001829	-124.473771
981	0.000043	15000	-0.001727	-124.475497
982	0.000038	15000	-0.001579	-124.477076
983	0.000032	15000	-0.001423	-124.478500
984	0.000028	15000	-0.001314	-124.479814
985	0.000023	15000	-0.001202	-124.481016
986	0.000019	15000	-0.001057	-124.482073
987	0.000016	15000	-0.000967	-124.483041
988	0.000013	15000	-0.000823	-124.483864
989	0.000010	15000	-0.000705	-124.484568
990	0.000008	15000	-0.000638	-124.485206
991	0.000006	15000	-0.000522	-124.485728
992	0.000004	15000	-0.000445	-124.486173
993	0.000003	15000	-0.000358	-124.486532
994	0.000002	15000	-0.000274	-124.486806
995	0.000001	15000	-0.000202	-124.487008
996	0.000000	15000	-0.000139	-124.487147
997	0.000000	15000	-0.000086	-124.487232
998	0.000000	15000	-0.000040	-124.487272
999	0.000000	15000	-0.000009	-124.487281
Log marginal likelihood:	-124.487281
